seg1_senti,seg2_senti,cosine_miniLM,jaccard_sim,seg1_dependency_distance_mean,seg2_dependency_distance_mean,seg1_prop_adjacent_dependency_relation_mean,seg2_prop_adjacent_dependency_relation_mean,seg1_passed_quality_check,seg2_passed_quality_check,seg1_n_stop_words,seg2_n_stop_words,seg1_doc_length,seg2_doc_length,seg1_oov_ratio,seg2_oov_ratio,seg1_pos_prop_ADJ,seg2_pos_prop_ADJ,seg1_pos_prop_ADP,seg2_pos_prop_ADP,seg1_pos_prop_ADV,seg2_pos_prop_ADV,seg1_pos_prop_AUX,seg2_pos_prop_AUX,seg1_pos_prop_CCONJ,seg2_pos_prop_CCONJ,seg1_pos_prop_DET,seg2_pos_prop_DET,seg1_pos_prop_INTJ,seg2_pos_prop_INTJ,seg1_pos_prop_NOUN,seg2_pos_prop_NOUN,seg1_pos_prop_NUM,seg2_pos_prop_NUM,seg1_pos_prop_PART,seg2_pos_prop_PART,seg1_pos_prop_PRON,seg2_pos_prop_PRON,seg1_pos_prop_PROPN,seg2_pos_prop_PROPN,seg1_pos_prop_PUNCT,seg2_pos_prop_PUNCT,seg1_pos_prop_SCONJ,seg2_pos_prop_SCONJ,seg1_pos_prop_SYM,seg2_pos_prop_SYM,seg1_pos_prop_VERB,seg2_pos_prop_VERB,seg1_n_tokens,seg2_n_tokens,seg1_token_length_median,seg2_token_length_median,seg1_sentence_length_median,seg2_sentence_length_median,seg1_n_unique_tokens,seg2_n_unique_tokens,seg1_n_characters,seg2_n_characters,seg1_n_sentences,seg2_n_sentences,seg1_flesch_reading_ease,seg2_flesch_reading_ease,seg1_flesch_kincaid_grade,seg2_flesch_kincaid_grade,seg1_gunning_fog,seg2_gunning_fog,seg1_automated_readability_index,seg2_automated_readability_index,seg1_coleman_liau_index,seg2_coleman_liau_index,seg1_lix,seg2_lix,seg1_rix,seg2_rix,joint_first_order_coherence,feature
1.0,0.14490565072568684,0.05125803582220169,0.041227215524230816,0.01912403014642294,-0.008216587396318328,-0.014432274767071363,0.03858836197832274,0.04241216076194098,-0.009584528072746816,0.04311531258337536,0.00813914539571371,0.038674576550165346,0.008245019350406476,0.008494035861876215,0.011641156893835287,0.031324147938956715,-0.010544318317574042,-0.039973322874852134,0.012919062074709548,0.0415003816001131,-0.008134997861940108,-0.05721197436404978,-0.007989692924674578,0.0897578346033628,0.014319205394975717,-0.029861907697306362,-0.017018082506759038,-0.007686656014359698,0.008311303452919564,-0.00435098839390434,0.007965109742879947,-0.10393905411506248,-0.0048342093524503535,-0.02609423074527806,-0.01981792387086925,0.09135254238753285,0.037021439923259195,-0.05741082787657006,-0.010415938213977197,-0.041994299751699694,-0.01046879176677046,-0.025521714059169736,-0.03233050663516284,-0.07228971005648085,0.010384690544126517,0.08059860840531702,0.01129052424101537,0.04501000665296626,0.009211611773562538,0.05270032000149553,0.008897282720488793,0.04198922426322057,0.009698689887979207,0.042313850647437895,0.005983104106927243,0.06196801206338054,0.012868868693828963,0.01961105379970099,-0.006237086590920873,-0.08608834125659882,-0.025957080233990733,0.0677630061628863,0.01944137898063425,0.07356612400164508,0.03205124213643862,0.07550328218737488,0.017008179405461437,0.09868826839082927,0.019014341631325152,0.07157645117075774,0.016843147971561803,0.0734435945081635,0.018896363935388526,0.03837860507228837,seg1_senti
0.14490565072568684,1.0,0.019076663812053366,0.036035472479296775,0.012572033108410097,-0.008442013800530458,-0.00983268770276529,0.04683275822874924,0.0033519799634326823,0.022220224065098434,0.003792042236786021,0.028006967730160176,0.011133545385508075,0.0310837471706892,0.01141456332081081,-0.019246740103644112,0.01495024108205453,0.0102280988619265,-0.012319861941016884,-0.009911678795610609,0.006624296675743593,0.007476045856820412,-0.00750241239714536,0.008736666072620152,0.044000289519681636,0.08480798748783473,-0.050343049185712085,-0.04375059885584292,-0.019009050575166837,0.01885197911862277,-0.00298299122526369,-0.026830386880598255,0.028736135759906897,-0.044767622526697776,0.013713551234401454,-0.09521603492814582,-0.0157740763278706,0.05730378720229255,0.025083829571448005,-0.018851190874063915,0.011650159109400095,-0.025442051278939646,-0.052314738364176876,0.008624379632993747,0.004953877133723291,-0.030222106680873658,0.007636632949440192,0.03466552957899177,0.00953001652672124,0.03523663954683292,0.012876971090854025,0.0733815729213668,0.007550911974484275,0.03773661354512782,0.00835588297493849,0.034789706507539916,0.014765535847993574,0.05229458817288186,0.011117321009067784,0.000568115180820836,-0.026637962561068484,-0.09106750688591748,0.017731840196154994,0.07041039940003739,0.013461662394395583,0.08650740574200327,0.012767830002562612,0.07465638938151647,0.011498309112805872,0.10183944849344533,0.01967012362422425,0.07637735589695226,0.019046232949007726,0.06954875860723686,-0.0006965753182488057,seg2_senti
0.05125803582220169,0.019076663812053366,1.0,0.4845863447786701,0.14943307908037298,0.17761811787479714,0.030056183020092126,0.03683720571242194,0.17758793017883093,0.15624407303624815,0.17024596070315462,0.1357675747024343,0.18333254942766988,0.17864662268232842,-0.028879457990205297,-0.0181392684644241,0.01906773382580197,-0.019163187179941542,0.05611061613571385,0.07990471412540512,-0.005721821056838234,-0.08676527979643477,-0.06525796737119421,-0.06716074073477622,0.05069560383235454,0.026029439221749554,0.005036925279999104,-0.009652255359006452,-0.007193867814871484,-0.030847649317876022,0.08238580647280629,0.21379074939605774,-0.037374827076034595,-0.000222094593621336,0.04913492925154325,0.02864189285473247,-0.06554406015901615,-0.12194838114051337,-0.03592363857649279,0.05364636222343091,-0.14853038901214624,-0.07554508479451544,0.01508849617902341,-0.03583942076121565,-0.019231125268154726,0.0210222606201809,0.0539911519629809,-0.013634885189588544,0.18833076731930815,0.17671954687329883,0.017793117826124756,0.08025126463363601,0.18338450035092543,0.1792147373578817,0.19956529269461384,0.1855018703234767,0.20012819209275715,0.1931600801573707,0.044165494970328976,-0.019397586438222644,-0.19376780659188256,-0.18501536771354665,0.20571062172467275,0.20392951294559736,0.2016863350801185,0.18809208931313148,0.20389681988722574,0.21402080542797822,0.16637168464592728,0.19082829173935803,0.19486045232503751,0.2115320096599787,0.18504637216933334,0.19942854841858282,0.2966900944860403,cosine_miniLM
0.041227215524230816,0.036035472479296775,0.4845863447786701,1.0,0.16859678810544979,0.19683431152805053,0.028129444349732125,0.027751855049773,0.1893784184363604,0.10990431654143513,0.22811368988840086,0.17690849358106248,0.21175226841628297,0.1763145110740206,-0.01430336341069417,-0.016175709963851342,-0.040201013159063693,-0.05977987529439098,0.07965191126703615,0.07613427947433646,-0.03384398541208065,-0.08145036822489835,-0.04209464025328791,-0.07113663965145871,0.0714952255498071,0.04929553028822108,0.08701759914408456,0.07089759153154748,-0.004397124952261866,-0.05894436211544813,-0.024125511066041383,0.04840050685156668,-0.07403283381896397,-0.012037998555274272,0.07877780319199343,0.04313442786435859,0.019880471980998224,-0.016271001989088235,-0.04672949735784832,-0.006519009562276435,-0.12316022232768246,-0.05809135345986528,0.012761025057755454,0.012904589630652162,-0.020600101379931027,0.01565079453223231,0.055184180840306914,0.027017772041602783,0.21336166034130655,0.17173928985530035,-0.09590528327097035,-0.05531629059670887,0.20849478206833963,0.17705871100741086,0.22093134175118323,0.17599938176783853,0.19653064176805907,0.16168604669056347,0.04064093192737262,-0.03314051516310091,-0.12597020442244083,-0.07754706175482153,0.18719362594756403,0.14599722649689106,0.1832078930029433,0.13302572282906408,0.16606784487518142,0.1426414292704533,0.028217371878899965,0.024063609990427056,0.13046804203885212,0.10913218518558683,0.12169988587160703,0.10950471351444248,0.3801785156333739,jaccard_sim
0.01912403014642294,0.012572033108410097,0.14943307908037298,0.16859678810544979,1.0,0.06420878137893359,-0.15778955855088542,-0.026564426047049932,0.38634617036410696,0.04554296375091602,0.6582686833529444,0.04843004059151996,0.7175907088234833,0.04552692596898558,-0.012228434737989473,-0.028113703174556543,0.019035572717667364,0.021163038918313448,0.08980908792318175,-0.033106984310706376,-0.012049650926536051,0.022537767024005118,-0.14208832254887083,-0.0031136352939679477,0.1873951575407985,0.005350124661110028,0.07794259971173689,-0.006702604556286108,0.04036350893518888,-0.022050083139047678,0.05084299075619877,-0.01087378784123736,0.0028712070871692746,0.03593822130448505,0.01691353328810544,-0.007591542763795373,-0.10324272116686116,0.025059468159204915,-0.030520052171383365,-0.017449215714852282,-0.15778436672012072,-0.022460849041815258,0.16568469242567055,0.005043634240645073,0.04186568533404288,-0.020697466967131324,-0.0769732317339827,0.0014840983532470372,0.6997896605912938,0.04433654889835572,-0.07346006275466253,-0.007153309741729056,0.7139185102113716,0.045353657083919745,0.7120930711084813,0.044915071749856476,0.6960961421732853,0.04321299618192376,-0.06767863881868506,0.009476091041615552,-0.4821005952288959,-0.01761972607981881,0.6659017274279536,0.036214322396504024,0.6348448249375008,0.03891182103592768,0.6635066793325312,0.03515192765599609,0.24978430715023503,-0.0011656753260620868,0.5632794919115954,0.02328822053234943,0.5567401165364628,0.02747005225670035,0.28601337322733844,seg1_dependency_distance_mean
-0.008216587396318328,-0.008442013800530458,0.17761811787479714,0.19683431152805053,0.06420878137893359,1.0,-0.0239374732011415,-0.19493484271918757,0.014154895546110702,0.37163082494442023,0.0978534308727504,0.6739776194654102,0.09354585309456165,0.71458953583901,-0.018626230978099918,0.00946380414675448,0.015561822810605596,-0.04868884099816088,-0.019908515929361967,0.06011959708923455,-0.0008146495983271827,-0.13332809393132128,0.020417904025435252,-0.1286867877195049,0.013709004737199434,0.11600224073718583,-0.005053440185308727,0.07957994467088023,0.010873981608219294,-0.017110932525017487,-0.014143402497716864,0.10827926334973415,-0.02579149407673572,0.05145011073780742,0.009471002399084617,0.02518424838270659,0.04252574791116556,-0.10383510741864957,-0.022724805397591127,0.01357163095843978,-0.04740271130466437,-0.05838900923851416,0.010089477403899701,0.17351046224361216,0.00367392592654028,0.026182877746519742,0.016216618417846978,-0.018040862128684703,0.09473015745065998,0.692665319048846,-0.0013422275488477252,-0.0018369239925097502,0.08975766942616165,0.7085014107052181,0.09695998083839114,0.7130008086513653,0.09155187775545426,0.6887657319572257,0.028030754507014543,-0.09872284159323695,-0.05546476284185262,-0.42000902077413166,0.08121570437887723,0.6420395498131761,0.07508121341177879,0.5980427040674309,0.07862946497130877,0.6512641164912863,0.007469601778424953,0.23508088499332935,0.057936199467629984,0.5327077097901534,0.055757358700096994,0.5265362504247938,0.31116679624110455,seg2_dependency_distance_mean
-0.014432274767071363,-0.00983268770276529,0.030056183020092126,0.028129444349732125,-0.15778955855088542,-0.0239374732011415,1.0,0.014594885206699396,0.05184361434316925,-0.007958772306857665,0.05854098625868661,-0.020762117673383682,0.06420331078419904,-0.014774058694658983,0.016793085930307386,-0.021712171160680766,-0.06987185113553822,-0.0033006437276892958,0.4067748840810157,0.007176091066483111,-0.12325551264196521,0.00923254967046809,-0.16077358869765837,-0.020852189420371793,-0.0795036540694428,0.02219322150103582,-0.0349023784336309,-0.014101068740692238,-0.04908302839448791,0.002368877721157473,0.1590695639015283,0.014653572929661369,0.016997519939529148,0.0005692128192135508,-0.01420510656788711,-0.002050359569796498,-0.05209298541887558,-0.035845766200379645,0.10577372239540035,-9.139061160964653e-05,-0.16915988714367208,0.026337795571545856,-0.09282626590353371,-0.0111349119779163,-0.0742508259333248,0.025533984823912555,-0.03299369892279004,0.005142920584548234,0.08055097113518844,-0.01592718010392247,0.019622152527779508,-0.00363399613387225,0.07931359294654672,-0.015695145846068584,0.08087120659230707,-0.015955549591314275,0.07672105971367019,-0.014610535956090864,0.01212688897347257,0.0017595154490504575,-0.06166801899697178,0.008478049381904423,0.07793411699114451,-0.013787287390428194,0.07588906207411399,-0.016491606877021222,0.07794189547779354,-0.014392645943435103,0.0380252443204718,-0.003399622886952674,0.06962114539585708,-0.01590059998962108,0.0743657082568974,-0.01055855886330629,-0.040137713375224926,seg1_prop_adjacent_dependency_relation_mean
0.03858836197832274,0.04683275822874924,0.03683720571242194,0.027751855049773,-0.026564426047049932,-0.19493484271918757,0.014594885206699396,1.0,0.010178849646862768,0.029818483467394147,-0.01942916579599949,0.04763376509300013,-0.0201106827063075,0.05282740219067859,0.011434684290624463,-0.0109285676550018,0.00548019188853972,-0.030275113444430724,0.0010514548052224313,0.4282261377314614,-0.019334865590039375,-0.11618285748824933,0.0006348505154925538,-0.13403940128048122,0.030517606352181703,-0.031495776782718726,-0.006690536097798223,0.038059160477004736,0.0013508085460697354,-0.11481051091968983,0.008787681935721589,0.12794740358755385,-0.0027660449888678705,0.03187623506461953,-0.00024788036070268367,-0.05964814826790631,-1.712490056991497e-05,0.021731931911154117,0.006604410787466461,0.09386142838188029,-0.01879309612574626,-0.27497377133951667,-0.013389682949321016,-0.12618908656817687,-0.02641230548992603,0.023164477342328366,0.009705699500471943,-0.033738656306916796,-0.01688876609703694,0.07492237510027862,0.0164845310004201,-0.021096456465405047,-0.01738299744660647,0.07229270806165683,-0.014077858984391622,0.07622942610012994,-0.01500553963245227,0.06863254650090235,0.014023180611424725,0.01353994488885125,0.00838929962358525,-0.029997325064973393,-0.01453399703755347,0.058732667472332176,-0.014686559269548904,0.05397996379264606,-0.01013359100387887,0.060657618698421914,0.013046289245427821,0.022334557209336844,-0.0006625048290590454,0.05809886371666637,-0.006067035582572114,0.0672271417870593,0.08682369771027339,seg2_prop_adjacent_dependency_relation_mean
0.04241216076194098,0.0033519799634326823,0.17758793017883093,0.1893784184363604,0.38634617036410696,0.014154895546110702,0.05184361434316925,0.010178849646862768,1.0,0.03141609660881281,0.32770296794889625,0.002961217415532189,0.3345848119857436,-0.00396169730342571,-0.006240757141173176,-0.026277345515124048,0.02546768606169979,-0.023694667004277747,0.17351280671018116,-0.021307369648047508,-0.010834494237747197,0.024691991417468053,-0.13902796139966805,0.011803058922276892,0.17111311129553594,0.03567187895937927,0.10403110115485856,-0.020054247620015123,-0.02474293709668821,-0.0456203943931492,0.06599655431332126,-0.013959819822519292,-0.13824936476741742,0.008878237856743021,0.04625716645265434,0.02050938440598327,-0.07169514250196218,0.015237522848226723,-0.013189144624244031,-0.017321436416874076,-0.35514019122290674,-0.04870740524171365,0.14221506646510076,0.01712591048694411,-0.07669894548055713,-0.002072453961795705,0.0273036616478079,0.030353176471578053,0.3456458298894458,-0.0005643696694602349,0.003340309060485529,0.014787550196921117,0.34806690332873214,0.004404785836307287,0.3983164845259244,-0.003533192139265604,0.3567229216666419,0.004081651662180816,0.017505367954058187,-0.02154181974379913,-0.27225015092553906,-0.03333421759301759,0.34314329034232915,0.02018732208691991,0.32520652702296854,0.01732152544654472,0.35732878631413245,0.016240942703541785,0.32622653859922707,0.03664478372945794,0.30906564861199837,0.02120832791589157,0.31670211243729046,0.016764817363880875,0.3315754127065819,seg1_passed_quality_check
-0.009584528072746816,0.022220224065098434,0.15624407303624815,0.10990431654143513,0.04554296375091602,0.37163082494442023,-0.007958772306857665,0.029818483467394147,0.03141609660881281,1.0,0.08203697693428372,0.3078937543634328,0.07478837690175771,0.3222051750711897,0.01611004990445655,-0.003332840309669636,0.02084324808599337,-0.01434591465138707,-0.028459537512809007,0.15889017094185798,0.0036553050126713394,-0.1406237836458016,-0.00813472675328227,-0.10849183297853937,0.019322613872797472,0.0987271909198573,0.0011294341125877626,0.09114360530624327,-0.0014591931765029198,-0.09299553421757357,-0.024861413157691997,0.13271902141295838,-0.04950939240419715,-0.0031946221041238235,0.02624099649763012,0.06630496204898505,0.04675296333625909,-0.06316129294834645,-0.01123757458558432,0.003995579700472877,-0.05670157676241325,-0.29047186731769253,0.013290520957365779,0.07430456439223644,-0.03813268651707585,-0.0017091431559817228,0.05352193648994522,0.038107857293852306,0.0787353205090786,0.32545215792205634,-0.011397634763614616,0.017985558339453433,0.07670443393632789,0.323165869124372,0.08137714639125058,0.37298480511908194,0.07894733134602286,0.33558383091716787,0.018142574227980327,0.03851077766817338,-0.04312131599813816,-0.22679453700004126,0.06729132326207232,0.31141592818409947,0.06730708513357041,0.29625244161918385,0.07143764718339683,0.3271530879605286,0.015959487110183503,0.28530733072886455,0.047337454845085024,0.27115892133429,0.05075998221432761,0.28211248859216176,0.29106688645293416,seg2_passed_quality_check
0.04311531258337536,0.003792042236786021,0.17024596070315462,0.22811368988840086,0.6582686833529444,0.0978534308727504,0.05854098625868661,-0.01942916579599949,0.32770296794889625,0.08203697693428372,1.0,0.11928630882073278,0.9604044098311298,0.10594078900054735,-0.018983585809388078,-0.018765943096946482,-0.03379627061366629,-0.01245110887593627,0.1449562253692293,-0.01668514055306952,-0.025763403210378,-0.0005170172062749932,-0.0037506071535183465,0.012918323050530705,0.1777333545092111,0.012595270127521164,0.0943031837641069,-0.012758133362671944,0.004114103206874522,-0.026398565556919187,-0.08243792570359736,-0.006702334303565806,-0.11199842454990108,0.012084628519615455,0.11543614187437777,0.032589182617484155,0.08921120756666934,0.048121966445035004,-0.10915152738973259,-0.036856960491292445,-0.38402668254516453,-0.08599622652338586,0.20330748021446157,0.03520410674589981,-0.030399164946246778,-0.02142871870188095,0.03546526966886172,0.027820559425578727,0.9649262059168545,0.10864707214055272,-0.1413615894630291,-0.0072902570129071784,0.9529920126111747,0.11008967062130379,0.938549347204679,0.10817090731869855,0.9285149086493213,0.10214227374692417,0.11161073836675058,0.008664684769474847,-0.586676313714768,-0.06009003357653804,0.8609863030057762,0.09703582793389981,0.8241088416831573,0.08815509352125812,0.8480232125055703,0.09028788652652216,0.13751140515132565,0.0105658740971903,0.7001741742419441,0.06836076139563504,0.666086096118559,0.0677646931708916,0.42382448339863854,seg1_n_stop_words
0.00813914539571371,0.028006967730160176,0.1357675747024343,0.17690849358106248,0.04843004059151996,0.6739776194654102,-0.020762117673383682,0.04763376509300013,0.002961217415532189,0.3078937543634328,0.11928630882073278,1.0,0.09988331987049569,0.9628388777199812,-0.024538784474327578,0.021225672819729827,0.011519805238519146,-0.10059661921716555,-0.028283096795688425,0.13935242380496846,0.0038716231494660244,-0.16615627572853114,0.030798621094685414,-0.06416612746241405,0.02351868600506142,0.1641011808026239,-0.01612600860963791,0.0802629473484345,0.002478169401445015,-0.06762632982817648,-0.03987141269838754,0.01627216574804516,-0.06199605983252861,0.026773226850653236,0.04433098472347998,0.09063807499303206,0.0756863100582184,0.07786436716974889,-0.05245647535393683,-0.016724604427111156,-0.07097607949055273,-0.3449548947513368,0.03190036286809858,0.1750894070655074,-0.03755595304446345,0.02920021266660609,0.05847907067469418,0.05418621822175821,0.1042527266492015,0.9642701780589151,0.006009358475029385,-0.07529492122028117,0.0933287184342197,0.9522748990483871,0.10409175367751407,0.9371376092489774,0.09982768812675057,0.9235388892308009,0.07058859829152919,0.09344961832623468,-0.05362229430107673,-0.49252322175577484,0.08260161803992791,0.82499160168516,0.079644004393328,0.768361643187005,0.08542641970213696,0.8285877021883422,0.010770751498234542,0.1288517540892308,0.06430545592278383,0.6771599720531168,0.057418314041553765,0.6443726921833299,0.32206017198995845,seg2_n_stop_words
0.038674576550165346,0.011133545385508075,0.18333254942766988,0.21175226841628297,0.7175907088234833,0.09354585309456165,0.06420331078419904,-0.0201106827063075,0.3345848119857436,0.07478837690175771,0.9604044098311298,0.09988331987049569,1.0,0.09385708930582956,-0.012634944653599331,-0.027130462331061103,-0.0020781981398917968,0.005468947611429668,0.1411464883506783,-0.01349747404697569,-0.06010223829455932,0.0034512013153647297,-0.09409600083039182,-2.8293362270576966e-05,0.17081852558182553,0.007988067391587333,0.06544623886628986,-0.008584037653252996,0.02843893312168551,-0.025307121656693417,0.03116543533914974,0.0038627053963933666,-0.055290020059596524,0.013769759061096043,0.07803480757853504,0.017231519484508254,-0.02742376564860926,0.03237165122708478,-0.054139056492853624,-0.029456338135297605,-0.2948907426635255,-0.06865508714729107,0.15972580538710615,0.018702043357707483,-0.005102593868635105,-0.020818227098917747,0.010439692814833972,0.01823628948958843,0.9944554327182734,0.0955969646419048,-0.07486614662575768,0.0010986361440715991,0.9844172157176333,0.09844042849632897,0.9759081240897739,0.09591877190875517,0.9792986624029532,0.09203590589441493,0.10028568044266746,-0.002676728553025488,-0.657972781460314,-0.05909546263335884,0.915053535582803,0.08959549476947368,0.8720318394150227,0.0852267790776728,0.9106937014508819,0.08546095706376282,0.2354034298704996,0.01945049940195259,0.7721594143665207,0.06824628463930779,0.7518094677129429,0.06654320699463065,0.3725007792774827,seg1_doc_length
0.008245019350406476,0.0310837471706892,0.17864662268232842,0.1763145110740206,0.04552692596898558,0.71458953583901,-0.014774058694658983,0.05282740219067859,-0.00396169730342571,0.3222051750711897,0.10594078900054735,0.9628388777199812,0.09385708930582956,1.0,-0.028153686803784137,0.025458508198354136,0.015154648615238927,-0.06927760245948841,-0.023360294839545506,0.14003157638461025,0.00016942368960945196,-0.19943859821502197,0.02285821302858658,-0.1358938822171497,0.017192703991346984,0.14783441263180344,-0.02024961457797023,0.06572280556166984,0.0005541029498396076,-0.04164824006804583,-0.022433098805008957,0.1258398378378758,-0.052817860606430025,0.048683540080984654,0.035431491152683944,0.07176009103080858,0.05977099922755529,-0.03141895343566958,-0.04525120341752445,0.02998593022108569,-0.06131988104457012,-0.2643490110725107,0.02037878125920143,0.1382859365976278,-0.028333624445367397,0.04592285233723278,0.05239927388270245,0.05041055333698337,0.09731131954171665,0.9946386741782559,0.004135207888610193,0.004422987200231182,0.08630627768016734,0.9822990239739496,0.09870469274331088,0.9750455088289574,0.09635963008632664,0.9791156326263204,0.07116987978585414,0.09017682629344295,-0.0561519355293206,-0.5754060200363706,0.07965780991102808,0.8865085752419324,0.07888420300646877,0.8277696866435433,0.08246759304104302,0.8989082819915448,0.01854841034471528,0.24085460723236474,0.06330317483040439,0.7570467452423506,0.06058330345293777,0.7383915498575611,0.3070710907229855,seg2_doc_length
0.008494035861876215,0.01141456332081081,-0.028879457990205297,-0.01430336341069417,-0.012228434737989473,-0.018626230978099918,0.016793085930307386,0.011434684290624463,-0.006240757141173176,0.01611004990445655,-0.018983585809388078,-0.024538784474327578,-0.012634944653599331,-0.028153686803784137,1.0,0.03529262614017031,-0.036478801020781854,-0.007124410279761508,0.02558306411609022,-0.011014939295883406,-0.006680935138942893,0.026623871259244855,-0.02541237886238258,0.01458480395386064,-0.008747174868629786,-0.016048458486297337,-0.006805243490599219,0.004500983670951902,-0.006077839305158103,0.01475739527455784,0.008013700866910774,-0.01803378356269992,-0.009213691729025636,0.005842318412243262,-0.004613346182098675,0.002808068047813432,-0.017728132782327922,-0.00872309423114455,0.08485902527855954,0.004234527445279155,0.018063501891852567,-0.0057348918570545105,-0.029095204094840264,0.0002457308640769253,-0.021273430978771674,0.006560506124624294,0.0009964421595345283,0.008815161832578826,-0.012193162621406605,-0.02777327996708596,0.004890181079961706,-0.011787550835307347,-0.01253954344143516,-0.025480119620333936,-0.010384075681513907,-0.02530020700834268,-0.008955265302068235,-0.02747342053271347,-0.00408271972653277,-0.01812414411012092,0.0005236275017204859,0.018336208303766532,-0.0077805099294116975,-0.024793292414486478,-0.016476960842456284,-0.022902604284951205,-0.009806861101689915,-0.02166179322698101,0.0043891996887212535,0.0003575724106646977,-0.004911398061708526,-0.020275679989719273,0.00016402260258150983,-0.02022773815283585,-0.01120988142658676,seg1_oov_ratio
0.011641156893835287,-0.019246740103644112,-0.0181392684644241,-0.016175709963851342,-0.028113703174556543,0.00946380414675448,-0.021712171160680766,-0.0109285676550018,-0.026277345515124048,-0.003332840309669636,-0.018765943096946482,0.021225672819729827,-0.027130462331061103,0.025458508198354136,0.03529262614017031,1.0,0.002027157314262249,0.002966890565706496,-0.01588644258517043,-0.01673528818912655,0.024943110727406778,0.022884706736978355,0.017683740220831228,-0.009778174691269213,0.003485698958540932,0.0612784241953746,-0.01431144565326025,-0.009832779506493444,-0.014874740144176722,-0.013729070210238753,-0.03542815467267112,-0.036784569825252744,-0.01884557639453316,-0.020845633118246738,0.03638538931055957,0.02276639642039952,0.03015857192613018,-0.051059579218870416,-0.03164493520441888,0.08696401116694545,0.00849240759095212,-0.009144019626446388,-0.011299115574451521,-0.009918464611061991,0.006394319419388528,-0.008240868707498154,0.015178409824155109,0.02245183954688428,-0.02637291455982893,0.02473046288995551,-0.0026672363416532217,-0.00684130896295717,-0.025015610131528337,0.0219523819290006,-0.028386043048817904,0.028042680016807542,-0.025468561321433835,0.027363141919183934,-0.012143450032731153,0.011077131708457899,0.0037584840632332965,-0.018546611625238244,-0.01685188194334747,0.022809823656412227,-0.010124168429036818,0.01774668244757006,-0.020797844039674666,0.027428802115281883,-0.010197782990288116,0.025221979043023642,-0.010245583920853944,0.023157821378025596,-0.012838868019420588,0.025722765008853357,0.0038438163435424565,seg2_oov_ratio
0.031324147938956715,0.01495024108205453,0.01906773382580197,-0.040201013159063693,0.019035572717667364,0.015561822810605596,-0.06987185113553822,0.00548019188853972,0.02546768606169979,0.02084324808599337,-0.03379627061366629,0.011519805238519146,-0.0020781981398917968,0.015154648615238927,-0.036478801020781854,0.002027157314262249,1.0,0.061835676350187704,-0.11185860868157275,0.0073850154021214455,-0.07605914700334718,-0.009035193546779102,0.03265534796334784,-0.0208797011243484,-0.012040623570190577,0.02273473889593579,-0.0001540425255287899,0.00869445244202274,-0.03435078445168154,-0.019385029621511916,-0.056385318701926423,-0.008856861786854938,-0.10175565212501049,0.009912378278679954,-0.08177680685596031,-0.01716165777945434,-0.18014023858674827,-0.0004073660570168385,-0.09016402842173754,0.00035419962456156466,-0.028144056434957963,-0.0007534477755027282,-0.060074902290800626,-0.014967783556518456,-0.04633805220374719,-0.011437094395525534,-0.24923019074344122,-0.0240359825724639,0.002340235237186137,0.013899400985062716,0.16179435785385754,-0.014084936134598443,0.005094784716388536,0.01639912330053296,0.009998235447815126,0.02134635369066184,0.026003826187169368,0.017441114492293623,-0.02251692601151699,-0.003336143383640018,-0.10817279449020105,-0.017228618004525745,0.05650365720711451,0.018818123285146614,0.0644715677718243,0.027123033777371044,0.06400484113515688,0.017583221229023432,0.1462240311246053,0.011162585536335704,0.03809114835934848,0.018675752593204562,0.0394766147953551,0.023220092081131655,-0.000765929681376875,seg1_pos_prop_ADJ
-0.010544318317574042,0.0102280988619265,-0.019163187179941542,-0.05977987529439098,0.021163038918313448,-0.04868884099816088,-0.0033006437276892958,-0.030275113444430724,-0.023694667004277747,-0.01434591465138707,-0.01245110887593627,-0.10059661921716555,0.005468947611429668,-0.06927760245948841,-0.007124410279761508,0.002966890565706496,0.061835676350187704,1.0,0.0016415212207161942,-0.09858837031193947,-0.0038775054379384076,0.026400986936842362,-0.044022598326211373,0.036645232462390036,-0.029703762339100354,0.017064985587674827,0.016924867748651182,-0.019906257648449548,0.006459686319033114,-0.0046801678530397645,-0.00354734922680955,-0.09183707431060255,0.053839144040502954,-0.06926030290698702,-0.03560852372381882,-0.13439549558170638,-0.045198105539191014,-0.16442560392636765,0.03850737567592027,-0.05912376183857163,0.03675775557027762,-0.0025636305055329323,-0.01042933860272227,-0.07698425628524792,0.01764390295427567,0.018209007898916763,-0.03184623677136251,-0.35331117812624047,0.0010089938078150329,-0.06533117597034162,0.008931544760535981,0.1401138276220473,0.0002688727528560347,-0.06440296734907507,-0.001719601481044154,-0.05002019656388131,0.00029071376036311926,-0.042150523086016044,0.006116135748159039,-0.008261715039000493,0.012655210825142286,-0.018060646274320278,-0.006154647717092648,-0.028714685849266668,-0.0038884090250132656,-0.0146914948841146,0.0009897329008823881,0.0026767073633201808,0.0011378383952741454,0.12414937168674119,-0.001678463665689091,0.001034157304981509,-0.005118805551185877,-0.007649933371550511,-0.09710126689932952,seg2_pos_prop_ADJ
-0.039973322874852134,-0.012319861941016884,0.05611061613571385,0.07965191126703615,0.08980908792318175,-0.019908515929361967,0.4067748840810157,0.0010514548052224313,0.17351280671018116,-0.028459537512809007,0.1449562253692293,-0.028283096795688425,0.1411464883506783,-0.023360294839545506,0.02558306411609022,-0.01588644258517043,-0.11185860868157275,0.0016415212207161942,1.0,0.037859655785787996,-0.1891147745586623,0.015967809195049625,-0.24755575951177783,-0.025118991069216362,-0.1322599414020794,-0.020408342080945344,0.07741960027491819,0.016833615670451805,-0.020732323693756327,0.008875849994404453,0.14271549581152249,0.011837646332030737,0.044540236503764714,0.032882599081444544,-0.2088200044617295,-0.0350620209698682,-0.1579589908396917,-0.04524183067512187,0.09818179954694914,0.024603856179795734,-0.19294478619897826,0.045465430709754645,-0.14629805551906214,-0.016854802336737744,-0.006324709518931895,0.03477740534985313,-0.24566236988270942,-0.0338705326056645,0.15289541074069204,-0.026356813916358534,-0.15231584556021818,-0.04206324959038607,0.15523245049846265,-0.022464213334428544,0.16513451382835706,-0.02765492326821062,0.128171591074247,-0.027002970528416343,-0.010796708570222255,-0.024788889875597558,-0.050246549351428596,0.018199537485573163,0.11780000048691446,-0.02293073169947973,0.11347698302611188,-0.016049250648716703,0.09881999216286595,-0.025202507638969824,-0.019951572766448912,-0.017288076033368474,0.08279590373879386,-0.019209486529861236,0.09104039570741262,-0.014675778186904352,0.053923342935767504,seg1_pos_prop_ADP
0.012919062074709548,-0.009911678795610609,0.07990471412540512,0.07613427947433646,-0.033106984310706376,0.06011959708923455,0.007176091066483111,0.4282261377314614,-0.021307369648047508,0.15889017094185798,-0.01668514055306952,0.13935242380496846,-0.01349747404697569,0.14003157638461025,-0.011014939295883406,-0.01673528818912655,0.0073850154021214455,-0.09858837031193947,0.037859655785787996,1.0,-0.0017864148295550705,-0.22922386170422326,0.004687045497835867,-0.26458672676036166,-0.026948970962497466,-0.1549094232803379,0.00010730748837281,0.1247982213344666,-0.008525067338464162,-0.07828333803801178,0.02698234856830306,0.25992722635140775,-0.000986856309509761,0.06920669089122214,-0.030954291752758493,-0.22402329489937245,-0.014847596202393072,-0.10739057205605511,0.0278333226977978,0.13523752565791453,-0.015429193017406716,-0.17581935842266397,-0.0373452711485613,-0.15853152996028552,-0.018809970484271337,0.03257131060622825,-0.016501762445345666,-0.28885401336022093,-0.011908931024255276,0.14995139571457136,0.022234035237566886,-0.15321133233982584,-0.014222659519554752,0.15088811194748616,-0.01108128070544706,0.16567283060986893,-0.009622662040037283,0.13053031123055062,0.01647308514938878,-0.01824176685832432,-0.0019290101786292098,-0.029149096189381937,-0.0075606202585046306,0.10494684792694466,-0.00824348235424727,0.09927633368515906,-0.009080151893744637,0.09833479439909493,0.0027666886500896915,-0.013486415024552275,-0.006459298520354405,0.0911854568499164,-0.003360680598938718,0.10679606653249567,0.12580393437450815,seg2_pos_prop_ADP
0.0415003816001131,0.006624296675743593,-0.005721821056838234,-0.03384398541208065,-0.012049650926536051,-0.0008146495983271827,-0.12325551264196521,-0.019334865590039375,-0.010834494237747197,0.0036553050126713394,-0.025763403210378,0.0038716231494660244,-0.06010223829455932,0.00016942368960945196,-0.006680935138942893,0.024943110727406778,-0.07605914700334718,-0.0038775054379384076,-0.1891147745586623,-0.0017864148295550705,1.0,0.009178791697695565,0.028909221780499473,-0.005074965056381866,0.009981689257567102,0.0023896011092804795,-0.12800573215118002,-0.01838934785789441,-0.0057334561484976895,0.018878172066225156,-0.26611862856818014,-0.02477675203001175,-0.06610431934401305,-0.02071753078317236,-0.0549644799321238,0.020761651968708942,-0.07321118912181933,0.019993606550559997,-0.05062923466605089,-0.0063794015502279654,0.0033680389557064526,-0.01581062865366573,-0.0417661724042498,0.022424583034750648,-0.021103231865018824,-0.0080779921207316,-0.09384893497311192,0.017009966612231482,-0.056693430355694685,0.0018464183346343505,0.029215714344081,0.010843055753142726,-0.05929438382895957,-0.0005875645531344349,-0.046395112911542545,0.0031103078862621037,-0.048597857107758644,-0.0011787195683577872,0.01861715486044547,0.008191210137791501,0.05308006320541677,-0.0006842205043843535,-0.06164920231212565,1.1857749857538521e-05,-0.045675734400744857,0.0029443572033511604,-0.04276819367576901,-0.004463722300272755,0.011819704729986556,-0.009472450695123973,-0.06358131067410802,-0.007399196754360405,-0.0471516730855044,-0.005978278907930399,0.06288944595351774,seg1_pos_prop_ADV
-0.008134997861940108,0.007476045856820412,-0.08676527979643477,-0.08145036822489835,0.022537767024005118,-0.13332809393132128,0.00923254967046809,-0.11618285748824933,0.024691991417468053,-0.1406237836458016,-0.0005170172062749932,-0.16615627572853114,0.0034512013153647297,-0.19943859821502197,0.026623871259244855,0.022884706736978355,-0.009035193546779102,0.026400986936842362,0.015967809195049625,-0.22922386170422326,0.009178791697695565,1.0,-0.011195233137729394,0.02383448958307996,-0.007518793649173583,-0.003164718545510614,0.015940930211916452,-0.16685215298840964,0.007822456228907941,-0.09164548138766478,-0.0049294846488787845,-0.2741473365278011,0.043811734707786106,-0.07845366977806707,-0.018350681941791572,-0.1685271795832603,-0.02280463568562367,-0.10647962568355737,0.024080682705989228,-0.03377283051138457,0.008099238061176317,0.09465323952548689,0.01092814199331568,-0.12111259762450742,0.03392919962371034,-0.03127827314735154,-0.04302417515736257,-0.17326913331958502,0.00244561452741963,-0.200078809177545,-0.006076475728791517,0.07741272933625917,0.004768655198404116,-0.19660892164182792,0.0024736386093104222,-0.20123007121620803,-0.0028098159506743645,-0.1881783031575087,-0.013344346858009722,-0.030592161824784737,0.008351524501713567,0.16323577988746552,-0.0012891617858459146,-0.2027750889472302,-0.0001913780691643738,-0.18617299398210974,-0.004841054841258274,-0.16749187171462168,-0.012818428181983444,-0.05223170126309501,-0.01501447280339358,-0.1655418228763844,-0.010128097182733576,-0.14464725279944637,-0.07332999769706636,seg2_pos_prop_ADV
-0.05721197436404978,-0.00750241239714536,-0.06525796737119421,-0.04209464025328791,-0.14208832254887083,0.020417904025435252,-0.16077358869765837,0.0006348505154925538,-0.13902796139966805,-0.00813472675328227,-0.0037506071535183465,0.030798621094685414,-0.09409600083039182,0.02285821302858658,-0.02541237886238258,0.017683740220831228,0.03265534796334784,-0.044022598326211373,-0.24755575951177783,0.004687045497835867,0.028909221780499473,-0.011195233137729394,1.0,0.04288757648242519,-0.09282835309778908,-0.0025834598031814924,-0.09023847549791637,-0.02642384283900999,-0.02214958083297183,0.0019052208767858458,-0.2864988145661724,-0.013598850882586838,-0.10343122307882997,-0.02311300827503421,0.043668942240318954,0.04157588686944307,0.16258081194289967,0.037149225183865375,-0.12113707107340646,-0.03172843422030672,-0.031083476845938533,-0.03157353917056833,0.05401897386956531,0.011780522876464009,-0.022491225261268018,-0.018732872249314813,-0.19024819157447187,0.03343543909178173,-0.10342585463798804,0.021423730344782066,-0.015433471471511995,0.010999504799121483,-0.10474003965392906,0.01731080206884656,-0.11601985984911928,0.02183861471609788,-0.10885120383573649,0.019388386188664754,0.0003514445300197245,0.036041684365559996,0.1003427963685837,-0.00013617665296158812,-0.11235415115077464,0.010349040855016109,-0.11148757243334077,-0.0008553711100974635,-0.12641302646040795,0.006252975133203146,-0.15020420342220223,-0.015490580740118231,-0.12433883379797303,-0.010056903640081142,-0.13287481797674733,-0.0028243631531910773,0.05920400079038694,seg1_pos_prop_AUX
-0.007989692924674578,0.008736666072620152,-0.06716074073477622,-0.07113663965145871,-0.0031136352939679477,-0.1286867877195049,-0.020852189420371793,-0.13403940128048122,0.011803058922276892,-0.10849183297853937,0.012918323050530705,-0.06416612746241405,-2.8293362270576966e-05,-0.1358938822171497,0.01458480395386064,-0.009778174691269213,-0.0208797011243484,0.036645232462390036,-0.025118991069216362,-0.26458672676036166,-0.005074965056381866,0.02383448958307996,0.04288757648242519,1.0,0.007541981183734528,-0.1044513721530189,-0.022974606447822198,-0.1616351814145409,-0.0013420624015783515,0.015977233999490074,-0.029765522631547938,-0.24859485062741046,-0.010438711369940649,-0.07496163186124827,0.02261507730388521,0.03703417194988538,0.03850642236662595,0.11321057693684672,-0.03260762587887677,-0.07702345082449331,-0.014337615857803142,-0.02219764312934783,0.048221332797350074,0.004931048022269258,0.027655862052305354,-0.030297242560426946,0.02807614056670657,-0.16172265338808509,0.0002938298973158169,-0.14648002026961662,0.01252616754830059,-0.0037584955709719556,0.002272005737125205,-0.1428119019364116,0.0061459902061444666,-0.15232942003022745,0.0018826985281077252,-0.13812799466603579,-0.013718406892661551,-0.018180214533837103,-0.00022263888977311374,0.049013939115343505,0.0014342426007629598,-0.11062389851877918,-0.0005312804244808797,-0.0976553425610614,0.0035180243519171814,-0.12990929444057808,0.006353953520821209,-0.07156764940026694,0.011935826861236233,-0.09069405886803557,0.015077180453318071,-0.11663228256773331,-0.061243014885769276,seg2_pos_prop_AUX
