seg1_senti,seg2_senti,cosine_miniLM,jaccard_sim,seg1_dependency_distance_mean,seg2_dependency_distance_mean,seg1_prop_adjacent_dependency_relation_mean,seg2_prop_adjacent_dependency_relation_mean,seg1_passed_quality_check,seg2_passed_quality_check,seg1_n_stop_words,seg2_n_stop_words,seg1_doc_length,seg2_doc_length,seg1_oov_ratio,seg2_oov_ratio,seg1_pos_prop_ADJ,seg2_pos_prop_ADJ,seg1_pos_prop_ADP,seg2_pos_prop_ADP,seg1_pos_prop_ADV,seg2_pos_prop_ADV,seg1_pos_prop_AUX,seg2_pos_prop_AUX,seg1_pos_prop_CCONJ,seg2_pos_prop_CCONJ,seg1_pos_prop_DET,seg2_pos_prop_DET,seg1_pos_prop_INTJ,seg2_pos_prop_INTJ,seg1_pos_prop_NOUN,seg2_pos_prop_NOUN,seg1_pos_prop_NUM,seg2_pos_prop_NUM,seg1_pos_prop_PART,seg2_pos_prop_PART,seg1_pos_prop_PRON,seg2_pos_prop_PRON,seg1_pos_prop_PROPN,seg2_pos_prop_PROPN,seg1_pos_prop_PUNCT,seg2_pos_prop_PUNCT,seg1_pos_prop_SCONJ,seg2_pos_prop_SCONJ,seg1_pos_prop_SYM,seg2_pos_prop_SYM,seg1_pos_prop_VERB,seg2_pos_prop_VERB,seg1_n_tokens,seg2_n_tokens,seg1_token_length_median,seg2_token_length_median,seg1_sentence_length_median,seg2_sentence_length_median,seg1_n_unique_tokens,seg2_n_unique_tokens,seg1_n_characters,seg2_n_characters,seg1_n_sentences,seg2_n_sentences,seg1_flesch_reading_ease,seg2_flesch_reading_ease,seg1_flesch_kincaid_grade,seg2_flesch_kincaid_grade,seg1_gunning_fog,seg2_gunning_fog,seg1_automated_readability_index,seg2_automated_readability_index,seg1_coleman_liau_index,seg2_coleman_liau_index,seg1_lix,seg2_lix,seg1_rix,seg2_rix,joint_first_order_coherence,feature
1.0,0.056001463907808774,0.017265041178667707,0.035886241372764756,-0.09500218742789003,-0.08354207415806647,0.0741708364795545,0.052515883750211864,-0.01406773206797189,-0.07904602246104232,-0.09496491424698955,-0.0934436627604672,0.02110518379917583,-0.08640131499961905,0.05961591477151171,-0.008175609785659654,0.4061499695909624,0.07592046769008384,-0.10581865634994242,-0.0158330815077444,-0.12377727973292235,0.013804827714025086,-0.18284614356212162,-0.01200587092420426,0.0685875227874019,0.004148172923667731,0.1329332104292047,-0.06738187417648557,0.01660436107524408,-0.007253545339191226,0.15580204136842804,0.1007979468355558,0.09793358850477678,-0.02588409192922013,-0.03492323734465467,-0.00589514125446364,-0.1466081708315381,-0.04386058806782745,-0.04666712327572722,-0.0776366432689959,0.09326241894299007,-0.045731111910882236,-0.11376483844501377,-0.046908890603699696,0.035137812716646975,0.03612562137684079,-0.47158957244668837,0.00556799948151848,0.006963417224368673,-0.08540122885352916,-0.17488464287572697,0.046825846994064765,-0.06907912995272274,-0.08762014780467942,0.014526240793327592,-0.08516765977562338,-0.07458425597850231,-0.057342639181533483,0.12210935135863925,0.000725939762827949,-0.03851042334990846,-0.03861412264095967,0.02341635974892206,0.018229986912457516,0.04486087482875234,0.016987760026239043,-0.1804676849647825,0.038358959039500276,-0.17612860185718987,0.07691555033622977,-0.025780341278986436,0.04665556776123858,-0.05826963626404485,0.0008114803761151603,-0.004750075609791654,seg1_senti
0.056001463907808774,1.0,-0.047447230800948474,-0.00688775900130884,-0.008464106705783361,-0.056558088685724435,-0.006874164795442056,0.037171951597182465,0.003144186765699085,-0.044214598810717765,0.0026425692073703006,-0.06798381494972264,-0.006694243895975166,-0.05231539570096802,-0.012147698656819328,-0.020792139252418053,0.021869599332718422,0.013081761161678035,-0.028704402228078674,0.0014614042057920244,0.006306850781931789,-0.049400398037494346,-0.025780588286541412,-0.0713798192065301,-0.023104454932066077,0.06099565438397599,0.04625944015274807,0.007798273642155457,0.004092687447504651,0.003003202257584605,0.023496387481763532,0.01476620720744758,-0.03975150401796873,-0.003381646298276861,0.02076635515178599,-0.11757841044828361,0.021470725737417883,-0.016793519562377273,0.0012621898751682683,0.0641215527861278,-0.020397825020218953,0.028259861572771043,0.0060522505351111155,-0.07096883131964044,-0.025652255971992232,-0.002989749017950999,-0.03074871194028616,-0.0025805857271294468,-0.0017392741468846007,-0.056615378548455976,-0.05316996013877371,0.050381470035540596,0.0007245495781594783,-0.05839316654789642,-0.0037835217897295432,-0.06225709440410366,-0.018948475998438415,-0.04060417174889064,-0.003994330585535331,0.0016574023409808504,0.04010662926029869,-0.0078171106013995,-0.0391747624282564,-0.0059882765587247035,-0.03526810419737247,-0.013383316061353913,-0.04735521539151766,0.021456740090669002,-0.04851274037987117,0.009416438954463669,-0.049198068685307225,0.029798385919034154,-0.04023703219058707,-0.005044257009863863,-0.05970629495446533,seg2_senti
0.017265041178667707,-0.047447230800948474,1.0,0.5463042800337721,-0.0409352992716253,0.010948938596974616,0.048881886192438384,0.05343875206539619,-0.02845733015573546,0.03487078638624481,-0.04329519379821961,-0.014000884159717447,-0.0012926281247494884,0.03087271985311224,-0.01784493581620247,-0.08930641995902612,0.011229635142874821,0.03342145296909281,-0.014498101804878274,0.010684069792758731,-0.03660131686540982,0.013134118591103878,0.09876260837151775,0.06586862373501905,0.02206251385230188,-0.0007303327907108132,-0.13410637910529905,-0.03090252601480495,-0.016349422554045555,-0.0152808604677423,0.036388953155917315,0.15441741883148782,0.025218919809017238,-0.02899821824618373,0.05737624970666224,-0.004320493969255729,-0.06298348362862384,-0.06074152076393059,-0.04829681761191016,-0.16336640753709217,0.05406127892761656,-0.13571337984770127,-0.09267833973937752,-0.02397219498548773,0.05623092531851878,-0.005225510671725029,0.0021315570134315823,0.08294236158694582,-0.015292896530035082,0.05042217427261541,0.010492848276155894,0.0334537645719159,-0.032253289752170164,0.054250873464904065,-0.015350420115244642,0.06353937011754132,-0.020559403932660387,0.07965917496819165,0.02341468340359038,-0.030671436420013028,-0.00437370471942926,-0.03290896230728153,-0.0024086551550972315,0.04620698795938634,-0.019761091149874174,0.02563823880545898,-0.012839255472095476,0.050669843446745896,-0.007990530697014924,0.11823216207164479,-0.013654529469998112,0.03341335298708577,-0.013255687645373132,0.09140741924947914,0.46300539904144256,cosine_miniLM
0.035886241372764756,-0.00688775900130884,0.5463042800337721,1.0,-0.07372505370866218,0.052342111847765604,0.04756551888088347,-0.011973383809726582,-0.06535457987603265,0.03326530045371012,-0.0797877592562997,-0.03463579573177397,-0.04778290259177697,-0.017506411365438547,-0.012621091985284615,-0.06886226803180749,0.016033531914559807,0.004569503210766606,-0.034235798874621526,-0.01794356267553963,-0.06498695827612083,-0.02589105168824992,0.04703043410415202,0.08231988684030918,-0.068469456322532,-0.03853323692261463,-0.030872079119805818,0.043946221810329394,-0.018251875442354695,-0.00815849351073767,0.02979868232843585,0.027038933645321356,0.014082426954657917,0.029158949908780617,0.040754420277142156,-0.01360492654257731,-0.06486312912049019,-0.07807638475695322,0.032728733184505115,-0.05361285228625045,0.07432633626312399,0.085227269261334,-0.04423071993968303,-0.055929455225284086,-0.012544598185018933,-0.01671480020023963,-0.07316347851593943,-0.04901244416611916,-0.05929175771008591,-0.03388250853235633,-0.05518760239680965,-0.02600713980659421,-0.04612753270522984,-0.033137779075501375,-0.06345032821247226,-0.030318927298418768,-0.11247950287116146,-0.05080881243202536,-0.03570953120184453,0.00041658627497941927,0.10121005264132132,0.041427031151668944,-0.10881614403067218,-0.04980208612691192,-0.11286590304056755,-0.04238504382135811,-0.13042691618580948,-0.07264150515939684,-0.12652718273302296,-0.024415138112513238,-0.12647979717595795,-0.06466101092859312,-0.11944893430764186,-0.06122744572429453,0.4256101517579043,jaccard_sim
-0.09500218742789003,-0.008464106705783361,-0.0409352992716253,-0.07372505370866218,1.0,0.008696105811299822,-0.3931521373938071,-0.021621745286184726,0.510587938678799,0.03298935902128164,0.4776827519821395,0.03165394314778866,0.6017616427754224,0.021371395407282223,0.06797975612463193,-0.026516356410121244,-0.05708018323164302,-0.02105080142037767,0.23472255112358822,0.011541883663538772,0.19365886242954758,-0.002097725860949857,-0.4706901031935654,0.010412470165941904,0.21794368503650458,0.017784900388556606,0.17525941842905055,0.007898281003866596,-0.0020247997510672174,6.709143363777654e-05,-0.002931948096046731,-0.01678057496430812,0.07744405466082453,0.013648944607057548,0.09870893988113985,-0.004746841453684407,0.009297636013055164,-0.00044322310315388124,0.06545953942639525,0.02075751383651966,-0.1855556561321024,0.0007003720854992433,0.2613042298159982,-0.01008756533449663,0.08431487241427092,0.004101710960849569,-0.08329994046094366,-0.005978429315104799,0.5892758843425859,0.023133737400180744,-0.06790098968168663,-0.01995942047677457,0.7032335257797148,0.024834137626126507,0.5971973441544888,0.022693985528217244,0.6163398748883349,0.014336123135394254,-0.12816416914442427,0.0013870139784279692,-0.08207671283673329,0.00782471560261085,0.2264985342052821,-0.001978171105719036,0.1338715937966683,0.014406316930220896,0.188495341410384,-0.009182595756806274,0.12796134420209587,-0.019212311981904952,0.07883090779041378,-0.004923251047478267,0.36706197042379796,0.0049226512525857675,0.1523604553924048,seg1_dependency_distance_mean
-0.08354207415806647,-0.056558088685724435,0.010948938596974616,0.052342111847765604,0.008696105811299822,1.0,0.0013737416263821273,-0.5292375562247762,0.0056619698752100635,0.5022005981300135,0.012355084700596384,0.5538281178567716,0.008090581572686599,0.7078831989182658,0.0033751193066229052,-0.029485327684572737,-0.062099115001524166,-0.08446839105163814,0.04256823292656349,-0.05711556868363454,0.012864470616243254,0.03768806066841148,-0.022411421201824974,0.0325288007664532,-0.022261661459454574,0.11166279686710058,0.026802966621976322,0.20425601551666842,0.007347965692709391,0.019118768952619714,0.031365577028578354,-0.2343351579750252,-0.009221941186900048,0.0363240100937895,0.009153034478015961,0.09382503029171302,-0.008850972576969604,0.15466561202486834,-0.020438482001996907,-0.1367059690473746,-0.037610172618338794,0.36100621587164766,-0.018075045697595316,0.2502999490031977,0.0036025880192681638,0.03626931258292663,0.053726365880925865,-0.09807633265463804,0.013764993799483724,0.6282089604700464,0.01956145723148092,-0.28604890082120576,0.04445621603411797,0.6367031094738478,0.010219645011328753,0.6330732550064558,0.028858321713204783,0.5789928791600611,-0.04870311226059789,-0.034068820713294486,-0.003399080476447801,0.16391122401304203,0.012563841509980017,-0.014446841189178316,-0.0023879332214580004,-0.016057989493324373,0.040196736135781404,-0.06294763211321036,0.036141812004791746,-0.14580318583480792,0.025843427265804044,-0.13436706850421076,0.0350953878343261,0.2598269138405341,0.23726382824106199,seg2_dependency_distance_mean
0.0741708364795545,-0.006874164795442056,0.048881886192438384,0.04756551888088347,-0.3931521373938071,0.0013737416263821273,1.0,0.03781525427112379,0.005363161382551575,0.014671273815126293,0.057154254488564045,0.0034722008763974762,0.01480738135713637,0.016353299725020882,-0.023616679116148006,0.010452584968449847,-0.017239197668654626,0.016659971507416767,0.3499531731905347,0.017515583517808034,-0.06000978951050365,0.005841832927550057,0.027946399391984875,0.009392187618913006,-0.045134001489526926,0.003191344403434415,-0.19869375491611627,-0.011101517039111835,-0.0034773790780850554,0.0069788361998035335,0.08511841108049047,0.06748869284712951,-0.03571341498046786,-0.01063235999512468,0.06389033018669486,0.002894521133832117,-0.02424861415437141,-0.023454825979637158,-0.053787803152854495,-0.09175736217725214,-0.1364140356240314,0.002496674983088833,-0.021245997375837777,-0.00423253710898114,-0.08992775841797468,-0.028601491165033344,-0.03406238303957226,0.0013036588988783854,0.04661608631026352,0.015562806922661791,-0.07331991913266964,-0.002812804149097009,0.05139454392786114,0.01066111219981271,0.06491315364465894,0.017826930498273396,0.04102219215171192,0.019420752642182057,0.004085981463651859,0.016851304538783234,-0.045104672024097826,-0.007137425498423575,0.05489754961296876,0.009767208914757181,0.04976946372630463,-0.017007641162889785,-0.001480146482207299,-0.0031521582027893395,-0.01659855551932272,0.01286913948213551,-0.0018686728982291356,-0.009357576025480365,0.03211712484031665,0.010251667250577468,0.08303969423261494,seg1_prop_adjacent_dependency_relation_mean
0.052515883750211864,0.037171951597182465,0.05343875206539619,-0.011973383809726582,-0.021621745286184726,-0.5292375562247762,0.03781525427112379,1.0,-0.007576685067964274,-0.15512250233542152,-0.015449394014601183,-0.12176989508130737,-0.010084993443725527,-0.18054331231314089,-0.0010671572526653671,-0.050356374865657236,0.023632162711817832,0.0032574616365199224,0.0022786423317087464,0.42344679590334316,0.00660925920844127,-0.08718246927189377,0.017357604053266733,-0.15515477289539215,0.01869329284897076,-0.056484037682068104,-0.04628872879586505,-0.12790583390956575,-0.006388986186314086,-0.017544024093512016,-0.0181565526407036,0.23961934643633714,0.018527634254958136,-0.013054362711290873,-0.0020566019984069933,-0.11298073266577212,0.012591406032977015,-0.07370707676486798,0.007595564583650869,-0.020970109452645946,0.004894969347039989,-0.2854456054577486,-0.000564175329195977,-0.1440919181577062,0.019174563606572232,-0.04145783482364648,-0.017766701016253758,0.017781193494559568,-0.009073543781835941,-0.11358385006713706,-0.01786610397699689,0.06791454835143741,-0.021257160136327637,-0.11205083696194214,0.0006967954065238589,-0.11548946703947345,-0.02334106836611284,-0.10423372757193501,0.019060669788920206,-0.017059707715022705,0.023991579657013963,-0.05951881377871572,-0.027938022208743644,0.03358133718163593,-0.022771522759128162,0.027817882393372854,-0.0349930117177535,0.023103522974229997,-0.03384021827245088,0.07048765739145675,-0.033286471661381795,0.06274314200008357,-0.03467742444873101,-0.0005384111001461806,-0.007818781003413686,seg2_prop_adjacent_dependency_relation_mean
-0.01406773206797189,0.003144186765699085,-0.02845733015573546,-0.06535457987603265,0.510587938678799,0.0056619698752100635,0.005363161382551575,-0.007576685067964274,1.0,0.04795167832166268,0.6384682673294912,0.02427521678884986,0.7572755327442717,0.035174750606993106,0.11106392964135825,-0.016217736785799654,-0.05975649662300052,0.0056466073731072704,0.35771193362388787,-0.0003332845567405018,0.03654132024310725,0.004327276819858562,-0.47477192914233907,-0.0031406094042145116,0.06576106972087795,0.004852301061686621,0.09525737532543935,-0.0003065170547195124,-0.018003547548003294,0.000922452316253321,-0.008139161763348014,0.0076461118247764335,0.14454925423301093,0.0173752538010568,0.31856446867491,0.0008004298359195005,0.16044937896677225,-0.02411472808134174,0.08026004017745647,0.02136226432521628,-0.33868759110567187,-0.025303845195332585,0.11837177269793925,-0.00719963961436874,0.10324002136437327,0.0014010974434098848,-0.028479085674677735,-0.018323072726568697,0.7709336909069189,0.040924738805754333,-0.18058725003280005,-0.020064417998743346,0.7042218046183392,0.045017385159475135,0.7688909679904895,0.04069534511886246,0.7334807391522088,0.03228282972116637,0.21483751502711543,-0.0024628908351286014,0.08070558314278352,0.03847871536257329,0.06709302459272733,-0.028249886046975585,0.015198700747106325,-0.012015298583633056,0.06169271071301624,-0.008056375654779407,-0.004394913109802752,-0.024738716236455523,-0.021478259266580625,0.0006286108247154393,0.3091592484465929,0.02439429544789956,0.13494326321823494,seg1_passed_quality_check
-0.07904602246104232,-0.044214598810717765,0.03487078638624481,0.03326530045371012,0.03298935902128164,0.5022005981300135,0.014671273815126293,-0.15512250233542152,0.04795167832166268,1.0,0.05466202924100208,0.577954205891267,0.05275324401172456,0.5761512353690795,-0.007488126443177137,-0.026987985990991826,-0.08735455749857005,-0.1441177324306289,0.07188954278368237,0.16915548414307613,0.026820505688315566,0.003966962426510143,-0.027513558209863204,0.08946417779857085,0.013701900551811561,0.07634730207429542,0.004714296745434413,0.2386326359908398,0.01523508666897319,0.014188770071520043,-0.009137410788453135,-0.21584094566990425,0.013820245794086018,0.02269340905989844,0.01108449824172875,0.14694907822301648,-0.012038304647937538,0.1670245851473286,0.005263081049855669,-0.07595175080228199,-0.03793767039263307,0.10459528280747973,-0.031058529155184533,0.17506006030207485,0.003059907124388677,0.0063404522782904895,0.07761852582576194,-0.12707608625211844,0.05586258397343092,0.5690101631367868,0.0030615800265117437,-0.4189213985550912,0.07444139616840942,0.5712183069234608,0.05026858880880175,0.5898923820947963,0.06413731690199272,0.42851732637556145,-0.023560764084623126,0.023927475720624432,0.007387370953555109,0.29432797909958497,0.008213737756379924,-0.16202878721380862,-0.0064596833925968655,-0.13645447980420158,0.030180124576833337,-0.2501094919117274,0.022587605959987687,-0.3276921106192124,0.013486690618051666,-0.2768895285899424,0.03917381527953267,0.09896863760082629,0.2633056670302042,seg2_passed_quality_check
-0.09496491424698955,0.0026425692073703006,-0.04329519379821961,-0.0797877592562997,0.4776827519821395,0.012355084700596384,0.057154254488564045,-0.015449394014601183,0.6384682673294912,0.05466202924100208,1.0,0.04778369125218922,0.8063789985310137,0.026665795261575094,0.1117354950570002,-0.010122762583326231,-0.29047296048716426,-0.022718634734369334,0.4787331210553112,0.020351490301068066,0.08389348663324937,0.019069058269271973,-0.2514126961545591,0.0144869958859126,0.12524113647892185,0.019463767363501056,0.2573994937699499,0.04002484728608759,-0.015933963668807644,-5.302679366098164e-05,-0.23939244838846582,-0.03564633834629023,0.08030415569980966,0.010950060175931071,0.307325034260911,0.0075494955079288386,0.33816758617904635,-0.006441796096480809,0.14464714501139214,0.04312842730311605,-0.410230634500072,-0.036791566870234785,0.09210926104490366,-0.008339950690616639,0.11632457144186387,0.003321063346149056,-0.014552622006870318,-0.025796806428221415,0.8338688891163125,0.0336662320881322,-0.38786363100588434,-0.056395474558920175,0.6605082935086896,0.033142434410423874,0.8116010119292041,0.03571160281036605,0.6734295479990895,0.006570527241294006,0.3781701518473664,0.011077140026437074,0.21211288353535898,0.042775280206085536,-0.07083076463206271,-0.03544146720874802,-0.0871996860764523,-0.01983982112016436,-0.16316187006457647,-0.0496599931172527,-0.23895383828502414,-0.05598993605654401,-0.18882410520152276,-0.03227538514732327,0.10972598985598765,-0.013262801532172576,0.13087733380343766,seg1_n_stop_words
-0.0934436627604672,-0.06798381494972264,-0.014000884159717447,-0.03463579573177397,0.03165394314778866,0.5538281178567716,0.0034722008763974762,-0.12176989508130737,0.02427521678884986,0.577954205891267,0.04778369125218922,1.0,0.009598534195249095,0.8352229325907686,-0.007621095981213501,-0.06060558352908742,-0.10316936068893572,-0.17262321243175055,0.07633715243784864,0.23250664693780684,0.05839002294845981,0.066738497723805,-0.009721777833417744,0.2478655021166027,0.015493490655962722,0.12495847849398196,0.018502937117356434,0.3905777802426742,0.015442088690431783,0.008052818452294237,-0.011178122649963523,-0.31880048794400434,0.007540991864807164,0.009562896196148791,-0.004229187065198105,0.19554644191751192,-0.0009765617054010269,0.30781057084907126,-0.024503881729535062,-0.119994304717264,-0.046587644946913954,-0.0504069721403288,-0.009986579116391258,0.26554525679583646,0.0049179248575835135,-0.07405445721745858,0.09875063652249196,-0.17143582886489409,0.018081852103676393,0.8696088835177742,0.024523421088279887,-0.5046412342087556,0.04943766161783889,0.868016202260419,0.01643376724072612,0.8527619464747196,0.0447942465856135,0.6819568128096325,-0.04575550217390705,0.03238819707054619,-0.03383682140616033,0.2805428012682886,0.043442905413012774,-0.07741012183370759,0.029443755588950748,-0.05491355516103471,0.06987605228899335,-0.20090359144412287,0.06351024460693779,-0.38189737294355725,0.07184311604678884,-0.25046600887460324,0.0744289300602624,0.2353781334595179,0.30140072990399674,seg2_n_stop_words
0.02110518379917583,-0.006694243895975166,-0.0012926281247494884,-0.04778290259177697,0.6017616427754224,0.008090581572686599,0.01480738135713637,-0.010084993443725527,0.7572755327442717,0.05275324401172456,0.8063789985310137,0.009598534195249095,1.0,0.031019530669879804,0.21219774540977446,-0.005474078106833813,-0.10557932868733662,-0.010858127516868083,0.3362583121322739,-0.0012333974222040855,0.07588425207987454,0.00886681319136793,-0.5110361169484621,0.002087071774072779,0.11928964840140006,0.0061521069481377455,0.15116047671093974,-0.009850194278184489,-0.016190218766599908,0.00558499306464099,-0.017492999491733528,0.01995821363355593,0.16322217989960258,0.026450132767971486,0.27027580548108404,0.002457979969104414,0.16082065282678043,-0.03348724595720835,0.12937953630702523,0.02845121858117387,-0.25898616852777445,-0.026027457969812855,0.10829119476123472,-0.02235613835877505,0.1802904718156374,0.017393765467008455,-0.11138957318586752,-0.02656704901566477,0.981014784415076,0.031033998176484782,-0.29204604802194295,-0.042656759477887274,0.7748334172603474,0.032045889040073466,0.9582989349955328,0.033603722149403464,0.8817606347410278,0.01445921973254655,0.4331712162593653,0.007621181665642011,0.12005732090639872,0.049364561779633616,0.043169950327915874,-0.0423600413789586,-0.020390648103960945,-0.026854847927178477,-0.028027950567718604,-0.03627395905321634,-0.1088168527306333,-0.03749099456107724,-0.10889747532748313,-0.0187607011349777,0.23423351365964032,0.0018088498927423353,0.12109109407111636,seg1_doc_length
-0.08640131499961905,-0.05231539570096802,0.03087271985311224,-0.017506411365438547,0.021371395407282223,0.7078831989182658,0.016353299725020882,-0.18054331231314089,0.035174750606993106,0.5761512353690795,0.026665795261575094,0.8352229325907686,0.031019530669879804,1.0,-0.011284815906079838,-0.01702524936047184,-0.0801232635660467,-0.11868446227267263,0.05747747936572176,0.13754218356093958,0.044213323116999284,0.0006257601734552518,-0.04164692307792037,0.012467326684114504,-0.010585466247394223,0.11402509358742617,0.024576441558668675,0.2516157475964928,0.007864170313030914,0.004835507838895063,0.028935019224893516,-0.19184618456776567,0.017497541136629605,0.046753711335907035,-0.001961323882534555,0.08218226025224314,-0.015664433250098805,0.18465065364964275,-0.01563291799629201,-0.10644514125562363,-0.058136964014618035,0.14055024879662983,-0.028572305775088375,0.2102009794141871,0.008560860472597274,0.004519047322719339,0.07407005931246001,-0.10742410254707048,0.039488862930696436,0.9745618663268377,0.011505264974385624,-0.3480518196676098,0.0715807320859822,0.9579536978638434,0.03672785645503327,0.9592926875795036,0.05969663648478088,0.899927051525786,-0.046639708704821536,0.10651256320716151,-0.012557414573398219,0.16619264305414325,0.027175933311103264,0.059861505138528566,0.01811305267143358,0.027686820288955954,0.05373939050505566,0.0021016121411947804,0.04757350413926702,-0.1917995129223588,0.047775148736596385,-0.10543657846571405,0.06806155196881779,0.44470517492967343,0.2616714831466204,seg2_doc_length
0.05961591477151171,-0.012147698656819328,-0.01784493581620247,-0.012621091985284615,0.06797975612463193,0.0033751193066229052,-0.023616679116148006,-0.0010671572526653671,0.11106392964135825,-0.007488126443177137,0.1117354950570002,-0.007621095981213501,0.21219774540977446,-0.011284815906079838,1.0,0.06234974080295557,-0.02968269957844853,-0.013372389787545996,-0.0069968543806130925,-0.0008728235758922305,0.024556954052442577,0.016404359913851786,-0.05253328674782552,0.013298235442302745,-0.0006218975950229821,-0.0008397567039958954,-0.022539017937383426,-0.020278238747779096,-0.002288400136890367,-0.005197462537414819,-0.07200429821753884,-0.0059421007363157415,0.11489693357607791,-0.021453260407334748,0.09897673046968683,-0.007951056495087294,0.04240796506052867,0.028535759015035755,0.020140518323521654,-0.007160444048398897,0.07387920339628119,0.01664018244216404,-0.006302574224586586,0.007479341569215799,0.17237666935467655,-0.0020822926543194588,0.020960570151602572,0.01054282162061443,0.18070771648186476,-0.014186623353856414,-0.051929197550219706,-0.017557859074111032,0.022249092715032507,-0.01311104433838413,0.19126368523172738,-0.01496133536265318,0.14111715394301488,-0.019043537742660155,0.2546186588206524,-0.008655454218029667,0.07609006934839485,0.01127214125997236,-0.06998771331766024,-0.014545954502963325,-0.07218466537376937,0.0016370036108534804,-0.07045440810196696,-0.025114268570427496,-0.06926687752054451,-0.019951839496777146,-0.05692417931443397,-0.009028765961727631,-0.03017798796692719,-0.008556107385283951,-0.06968059880178455,seg1_oov_ratio
-0.008175609785659654,-0.020792139252418053,-0.08930641995902612,-0.06886226803180749,-0.026516356410121244,-0.029485327684572737,0.010452584968449847,-0.050356374865657236,-0.016217736785799654,-0.026987985990991826,-0.010122762583326231,-0.06060558352908742,-0.005474078106833813,-0.01702524936047184,0.06234974080295557,1.0,0.0011638152922858079,-0.07267582101384883,-0.02407064549642337,-0.05667520492361172,0.00703570140419771,0.04372101321992701,0.008891984621851944,-0.08433292938960092,0.0017768055596530613,-0.02446895894878781,0.033107368627783226,-0.03881786498333589,-0.00318155776346273,0.004763905926807828,-0.02756875672141544,-0.05170937046827692,-0.020245205829998995,0.07640994915391881,-0.02371031483300819,-0.0422282400069269,-0.020921426357753913,0.06316549363230271,0.03500209191273377,0.14935064462802838,0.021503164951407375,0.019521808784273967,-0.013855744841499698,0.023567359102970177,-0.013895512125773137,0.0015599245734046272,-0.0163983875117143,0.018895518193620228,-0.009151276701778469,-0.023838995361394135,-0.009635927978190274,0.08886330545673089,-0.014687723260813336,-0.03435103492086311,-0.011251463023232119,-0.028777149416114093,-0.014381552040897184,-0.010405824718999446,-0.00011893316911867734,0.0726751334793296,0.011319140169638305,-0.04964748429599194,-0.014148394474121523,0.04222431038650446,0.0023981208944282356,0.03690200010595256,-0.01042909723097114,0.10404671269533405,-0.011547480154210662,0.07434617575798887,-0.013672991041883025,0.02380022050495388,-0.019759726863378818,-0.025407598711713587,-0.14605872098093528,seg2_oov_ratio
0.4061499695909624,0.021869599332718422,0.011229635142874821,0.016033531914559807,-0.05708018323164302,-0.062099115001524166,-0.017239197668654626,0.023632162711817832,-0.05975649662300052,-0.08735455749857005,-0.29047296048716426,-0.10316936068893572,-0.10557932868733662,-0.0801232635660467,-0.02968269957844853,0.0011638152922858079,1.0,0.16485882565075935,-0.23033424890285073,-0.02926486657769332,-0.07688848192881803,0.0022344283312560457,-0.14885526366629687,-0.04418078490316346,-0.05301400820576769,-0.00663481221436662,-0.007711594553799409,-0.06221174411121827,0.0051912692337405236,-0.004314768007581721,0.10818193872339067,0.05890464139703597,-0.059069372478155656,-0.027103252981298617,-0.022018564343765357,-0.03343061015457533,-0.13071150309688637,-0.027327337418715347,-0.26198674732526955,-0.09389828852724491,0.09971823404299988,-0.005308712101341659,-0.10678086718985465,-0.029607117543713937,-0.08913269259496832,0.022548466917581615,-0.5165377025623628,0.00177592767645477,-0.11973940546944642,-0.08477998404071714,0.035312338273525624,0.08134105686563657,-0.10505278917183204,-0.0847125599682334,-0.12556375808345985,-0.08423169344330868,-0.07940924951390771,-0.04443449604747821,-0.036514677770212646,-0.004903634331834305,-0.25467013174412045,-0.09726680699032757,0.22789485807263674,0.07832881186085114,0.21978365803349695,0.07350319052344118,0.035316175351901465,0.07988033706587003,0.05385732907092211,0.09784502476566448,0.05785804596773864,0.061060274782282264,0.03109253443503108,0.0012156997542651482,0.02291581559597203,seg1_pos_prop_ADJ
0.07592046769008384,0.013081761161678035,0.03342145296909281,0.004569503210766606,-0.02105080142037767,-0.08446839105163814,0.016659971507416767,0.0032574616365199224,0.0056466073731072704,-0.1441177324306289,-0.022718634734369334,-0.17262321243175055,-0.010858127516868083,-0.11868446227267263,-0.013372389787545996,-0.07267582101384883,0.16485882565075935,1.0,-0.02453514023491038,-0.1305776020001416,-0.03484184612627369,-0.04444164910921256,0.011058560799528992,0.0030472727068186376,-0.014578246669070287,-0.026729007373510354,-0.033181238685880694,-0.12525913783898593,0.004945500707898824,-0.02280491602476105,0.009645129828123714,-0.054754469760620754,-0.05549658885523512,-0.10738553892292756,0.030482323853876905,-0.12345592830612549,0.006366725322021847,-0.12354899307570472,-0.06174445313775864,-0.23023527059927715,0.015502395876173853,-0.10454210595428201,-0.010471151221257856,-0.07401805071281814,-0.051372693772181885,-0.0417078128586846,-0.060509560595450394,-0.2415980507429235,-0.013138735855498932,-0.1063602976407882,0.012661907314946975,0.19179325091308216,-0.020220289680550042,-0.10442563997790866,-0.012130379964099708,-0.10504781073842574,-0.015797051432872893,-0.022367328132098845,0.014474841910788846,-0.027921140851938423,-0.023925805002593937,-0.23677452645569744,0.019261059488563433,0.2148978235542291,0.026782568874023457,0.20808963975451358,-0.013814128284933148,0.18081447017954969,-0.01139991663836564,0.20972818738319113,-0.020594078758055596,0.16259927204435579,-0.026325637643133056,0.08704829630667177,0.04756031939331463,seg2_pos_prop_ADJ
-0.10581865634994242,-0.028704402228078674,-0.014498101804878274,-0.034235798874621526,0.23472255112358822,0.04256823292656349,0.3499531731905347,0.0022786423317087464,0.35771193362388787,0.07188954278368237,0.4787331210553112,0.07633715243784864,0.3362583121322739,0.05747747936572176,-0.0069968543806130925,-0.02407064549642337,-0.23033424890285073,-0.02453514023491038,1.0,0.05248972325139047,0.07336517207797674,0.02315089424635736,-0.2732774253135549,0.008031657681759646,-0.046168731619075774,0.008350737274376005,-0.020769553963156794,0.050743009804821076,-0.015137824996987265,-0.005840784529969996,-0.046021419598372644,-0.00829565328124113,0.01292197043375902,-0.03492031603895157,-0.031630496352976364,0.007266154138945281,0.12561919165967675,0.02643499274574749,0.05328301305201403,-0.04945239611231104,-0.37003327740187286,0.002913114388134237,-0.034796425260692994,0.016813774691213305,-0.008898818955862472,-0.024129685064617958,-0.08478871245524396,-0.003296042791337894,0.38353809624479773,0.05941742354012968,-0.08722373414310472,-0.02613813686731045,0.45700133730284426,0.05738778304823212,0.3891332407556689,0.061972743036845454,0.36796957698620936,0.050720534458475075,-0.0848827781419303,0.017764552743091314,-0.005737542526083574,-0.005314605660984278,0.100518525143155,0.019052561805318266,0.024806341113589456,-0.0040119724188367525,0.05816606952786785,-0.009325513955906022,0.021406804791898076,-0.005827634965443784,0.01815217510085582,-0.00964949983318649,0.22455520839983714,0.024386522621579716,0.18426843925178402,seg1_pos_prop_ADP
-0.0158330815077444,0.0014614042057920244,0.010684069792758731,-0.01794356267553963,0.011541883663538772,-0.05711556868363454,0.017515583517808034,0.42344679590334316,-0.0003332845567405018,0.16915548414307613,0.020351490301068066,0.23250664693780684,-0.0012333974222040855,0.13754218356093958,-0.0008728235758922305,-0.05667520492361172,-0.02926486657769332,-0.1305776020001416,0.05248972325139047,1.0,0.02266707233810711,-0.13551972772329948,0.011299620612954244,-0.11410351953431488,0.047609041791385656,-0.1160592302087474,-0.015271752841408043,0.03088652217286116,-0.00899657009327711,-0.009817086698341368,-0.06270686275608069,0.06997907185406267,0.0012790920334499415,-0.005177042712565334,-0.004418610815767224,-0.2030509101578159,-0.015757669055063993,-0.06634402196650423,0.026112530702615645,2.5015122595272482e-05,-0.021622457124917685,-0.20735837423547349,-0.002483118771767534,-0.1340222321170707,0.01922522878437598,-0.031115731495522443,0.03499804181407603,-0.21438136547742104,0.0015937899609518645,0.18834788215140702,-0.0075976474204210035,-0.168058732686809,0.0021552262455977705,0.19132578687313329,0.003203723347983224,0.19556760595993328,0.0023573252779828984,0.12585025796387303,-0.0014904449946336685,-0.010669467465079286,-0.0007985608465009434,0.09760527283742115,0.0012305179950343776,-0.0532552670392477,0.005912247576025429,-0.03687467517424956,0.0017075414711550272,-0.12204128887719991,0.0015687657315524332,-0.12064612080354144,-0.004301088243269033,-0.08025097511025872,-0.0012185315593033084,0.07094612124880371,0.09646884310365623,seg2_pos_prop_ADP
-0.12377727973292235,0.006306850781931789,-0.03660131686540982,-0.06498695827612083,0.19365886242954758,0.012864470616243254,-0.06000978951050365,0.00660925920844127,0.03654132024310725,0.026820505688315566,0.08389348663324937,0.05839002294845981,0.07588425207987454,0.044213323116999284,0.024556954052442577,0.00703570140419771,-0.07688848192881803,-0.03484184612627369,0.07336517207797674,0.02266707233810711,1.0,0.005879602740644258,-0.03686600512403235,0.012384055383702205,0.055463030470411796,0.027920787898987554,-0.10522189358668696,0.028473118010348495,-0.0056708246326843854,2.805560848142276e-06,-0.14629706513912352,-0.052338312887094764,-0.07026584572193693,-0.02588509888881837,0.006967244455612046,-0.008231478876071702,0.10281284760983227,0.01506325289574948,-0.083805227135137,0.04933279404047109,-0.03761937957521846,-0.011832784732318885,0.025489945276549027,0.020680930114474576,-0.03256206490884787,-0.030662470362452884,0.05373554151143956,0.003989066207319139,0.07137921654944268,0.04717395437485073,0.12794367103475354,-0.019686058200505247,0.06817929358945045,0.04953360393604326,0.0744997980017269,0.043606256440026914,0.1469007444442292,0.04007032877419723,0.016417788935646997,-0.002482405389317101,-0.13485713583504622,-0.005941861373807539,0.14638653889352948,0.017806770628202948,0.14503995459407187,0.027780707603031776,0.1650547338710616,0.0009526982528139548,0.17050073363686283,-0.018040171987560322,0.09753908558141283,-0.00476431941792539,0.12489615416670448,0.02101484521175855,-0.01281714417348219,seg1_pos_prop_ADV
0.013804827714025086,-0.049400398037494346,0.013134118591103878,-0.02589105168824992,-0.002097725860949857,0.03768806066841148,0.005841832927550057,-0.08718246927189377,0.004327276819858562,0.003966962426510143,0.019069058269271973,0.066738497723805,0.00886681319136793,0.0006257601734552518,0.016404359913851786,0.04372101321992701,0.0022344283312560457,-0.04444164910921256,0.02315089424635736,-0.13551972772329948,0.005879602740644258,1.0,0.0007315394751709899,0.057010238714868204,-0.010950262067944774,-0.034217682633203864,-0.023949354334069698,-0.09204389733027675,0.014452795438783573,-0.005281052278883999,0.01738493069332549,-0.19700248280198016,-0.0021046452844494267,-0.01927879747355413,0.024803334135627676,-0.021516256181711078,0.030401729703395438,0.022807548470292534,-0.03810984418306021,-0.08099838833729117,0.009937082887904557,-0.03357822927894076,-0.003930548436088862,0.034367234904128706,-0.017613228719001003,-0.02884414139489422,0.002699724338198845,-0.02948419071661619,0.007321564664221237,0.008225244934274024,-0.02621444070360581,-0.03561978960452484,-0.0037310856515347527,0.009917311740230339,0.006724998998455081,0.009599480391047402,0.0006119690780654392,0.007965738321760321,0.014576410497383122,-0.013431383458691222,0.012939919250503147,0.04159293534155529,-0.013462534503186145,-0.03979523253826819,-0.012891772312207657,-0.01525511851800864,-0.0212775566889554,-0.005096528693728455,-0.019896935630776852,0.0036999445742152237,-0.020826334891816782,-0.043353018785159896,-0.015776936041491066,-0.028513336210007553,0.06079720962156396,seg2_pos_prop_ADV
-0.18284614356212162,-0.025780588286541412,0.09876260837151775,0.04703043410415202,-0.4706901031935654,-0.022411421201824974,0.027946399391984875,0.017357604053266733,-0.47477192914233907,-0.027513558209863204,-0.2514126961545591,-0.009721777833417744,-0.5110361169484621,-0.04164692307792037,-0.05253328674782552,0.008891984621851944,-0.14885526366629687,0.011058560799528992,-0.2732774253135549,0.011299620612954244,-0.03686600512403235,0.0007315394751709899,1.0,0.03720300757885405,-0.08970835797683126,-0.0007361711124042144,-0.3748039934952598,0.004456283370337379,-0.0003847701180887742,0.00428935257429784,-0.19818988569785526,0.03154440685457652,-0.1344437163372724,-0.060830335005457724,-0.02949087284434019,0.028251571958314823,-0.030297610766710847,0.02236010466474458,-0.18891516388101334,-0.07873005914737617,0.2074135274875457,-0.035920179185641846,-0.0957236412095021,0.01776457098359335,-0.03690311220936692,-0.0240503532151662,0.29327483292936285,0.03125113735951271,-0.5104651193551113,-0.03265387433920912,0.2631598342673423,0.013114630424490107,-0.5532772878845084,-0.03053366506674881,-0.5015135993750893,-0.030131090046190936,-0.46976050690625637,-0.028145748028636702,0.02487270360370633,-0.016750152842056044,0.040257919935876955,-0.012517779546011961,-0.15435727456768555,0.005386828493985426,-0.05728086177745335,0.012725906720101205,0.0013921576601235682,0.005944925557017133,0.035613798642812486,0.021474297773383756,0.021141232657839192,0.009304794229726281,-0.23850964104944755,-0.0037863258353435913,-0.0736580307174163,seg1_pos_prop_AUX
-0.01200587092420426,-0.0713798192065301,0.06586862373501905,0.08231988684030918,0.010412470165941904,0.0325288007664532,0.009392187618913006,-0.15515477289539215,-0.0031406094042145116,0.08946417779857085,0.0144869958859126,0.2478655021166027,0.002087071774072779,0.012467326684114504,0.013298235442302745,-0.08433292938960092,-0.04418078490316346,0.0030472727068186376,0.008031657681759646,-0.11410351953431488,0.012384055383702205,0.057010238714868204,0.03720300757885405,1.0,0.024109210947449236,-0.012564808077999933,-0.05106625219216244,0.0034802560938548147,0.00783784580580302,-0.006163632801251155,0.002092967409479868,-0.24534852789479514,-0.02093289349908599,-0.06079819364587488,0.042359579235764534,0.13655161421872533,0.018450247935867227,0.008341629518347781,-0.023123094064312146,-0.11070685998227969,0.00935508314417934,-0.0858252806358065,0.008117526844462713,0.08680934959686046,-0.002666661660166725,-0.040724725956032895,0.03965510675140614,-0.2157399009136983,0.0009195328292199474,0.0347976775075328,0.023262492687030307,-0.21970908007344261,0.005599516835862721,0.03870199452690091,0.004690484783250498,0.04176107001984513,0.012116454492325478,-0.05862096757758243,-0.005180643355584297,-0.023517927883115974,-0.03451871296715366,0.14167888454808367,0.03500886177814208,-0.13429301379176903,0.015542424987873112,-0.06755399498492519,0.032223654189161934,-0.22439006585101404,0.02770175767061787,-0.203002655693254,0.037674353444321865,-0.18029603546083758,0.02883066383429166,-0.11921311663801432,0.18639550382063177,seg2_pos_prop_AUX
