seg1_senti,seg2_senti,cosine_miniLM,jaccard_sim,seg1_dependency_distance_mean,seg2_dependency_distance_mean,seg1_prop_adjacent_dependency_relation_mean,seg2_prop_adjacent_dependency_relation_mean,seg1_passed_quality_check,seg2_passed_quality_check,seg1_n_stop_words,seg2_n_stop_words,seg1_doc_length,seg2_doc_length,seg1_oov_ratio,seg2_oov_ratio,seg1_pos_prop_ADJ,seg2_pos_prop_ADJ,seg1_pos_prop_ADP,seg2_pos_prop_ADP,seg1_pos_prop_ADV,seg2_pos_prop_ADV,seg1_pos_prop_AUX,seg2_pos_prop_AUX,seg1_pos_prop_CCONJ,seg2_pos_prop_CCONJ,seg1_pos_prop_DET,seg2_pos_prop_DET,seg1_pos_prop_INTJ,seg2_pos_prop_INTJ,seg1_pos_prop_NOUN,seg2_pos_prop_NOUN,seg1_pos_prop_NUM,seg2_pos_prop_NUM,seg1_pos_prop_PART,seg2_pos_prop_PART,seg1_pos_prop_PRON,seg2_pos_prop_PRON,seg1_pos_prop_PROPN,seg2_pos_prop_PROPN,seg1_pos_prop_PUNCT,seg2_pos_prop_PUNCT,seg1_pos_prop_SCONJ,seg2_pos_prop_SCONJ,seg1_pos_prop_SYM,seg2_pos_prop_SYM,seg1_pos_prop_VERB,seg2_pos_prop_VERB,seg1_n_tokens,seg2_n_tokens,seg1_token_length_median,seg2_token_length_median,seg1_sentence_length_median,seg2_sentence_length_median,seg1_n_unique_tokens,seg2_n_unique_tokens,seg1_n_characters,seg2_n_characters,seg1_n_sentences,seg2_n_sentences,seg1_flesch_reading_ease,seg2_flesch_reading_ease,seg1_flesch_kincaid_grade,seg2_flesch_kincaid_grade,seg1_gunning_fog,seg2_gunning_fog,seg1_automated_readability_index,seg2_automated_readability_index,seg1_coleman_liau_index,seg2_coleman_liau_index,seg1_lix,seg2_lix,seg1_rix,seg2_rix,joint_first_order_coherence,feature
1.0,0.13130246723740982,-0.034365216663872974,-0.04155398615726854,-0.009884333229675213,0.01942628864941448,0.015876915615212706,0.003525104649713044,-0.003138747912340269,0.004390044467249064,0.03554617532099719,0.02213337462634754,0.029057107220880837,0.03275461840118623,0.05853258516487076,0.0249029273393259,0.034559802633824986,0.0232834017395258,-0.01361467218892517,0.006791493554836703,0.03198816419096424,-0.012193884251535565,-0.04288547022593554,-0.047340017928128114,0.04154539141018106,-0.011561620389132471,-0.022974321527499682,-0.006432221042951449,0.0200281547902868,-0.030427211629647465,0.02473819076943872,0.03739687670705197,-0.013630823559748515,-0.005089136045203294,-0.10672923012915159,0.021351802945597183,0.055565832785166344,0.006468941383511709,-0.01939906476143425,-0.032167983889305134,0.0059264615012631005,0.006839490248621287,0.009095747053399283,0.02607037050961556,-0.0405147426123156,-0.02189424039772215,-0.002313808626864687,-0.0009558648845875302,0.03781671835793903,0.034789855792402305,-0.011608583246901269,-0.005881776125726481,0.03859527841049957,0.040020846162918074,0.025651043083169338,0.03283379482963769,0.028251609064488592,0.031127800230813858,0.021534282277211013,-0.03093406168002602,-0.015836566769165474,-0.0017217664401328507,0.02955006482417113,0.010241346919478143,0.030906231008681364,0.023343975917086538,0.010777410958013321,0.0014935949810907683,-0.03987421529551083,-0.0035755706658294555,-0.015883730523453182,0.004667626830343509,-0.0014477624269295607,0.02288707410234534,-0.008007525823887602,seg1_senti
0.13130246723740982,1.0,-0.02086580583139352,-0.04193362724514747,0.016013302507233394,-0.03650300303821419,-0.019864023699193014,0.03428947428924392,-0.009151360142361294,-0.03690832527399079,0.03200312375057321,-0.02674077021038124,0.036587473341565806,-0.02689989104977413,0.059651555020024546,0.022445181199392397,-0.027598741666160987,0.026005317083422307,0.023929596653538762,0.03846199447994033,0.013990855445043582,-0.018056243412132418,-0.03530532029453899,-0.06480057113090744,-0.009102447307999062,0.036762607004782615,0.010063717757485293,0.0045448616059369186,-0.032572935955075114,0.004988665963252302,0.007438017194085488,0.04400361754727262,0.004765035775379388,-0.0017576176085134772,-0.013059900043861901,-0.09737886813303114,-0.00020889479266747267,0.04044252808738538,-0.00011621419542481955,0.017534426432076033,0.011815629991928723,-0.012901727730552278,-0.001168309346283847,-0.014967925068011796,0.008789502139902271,-0.02908129125506607,0.01939469336435878,-0.031235822764824762,0.04023769301113849,-0.021436830969642526,-0.005386250685103634,-0.0036569212063864535,0.03932907658954969,-0.019804694202676717,0.03476707490025357,-0.028745623145197643,0.04220643052525939,-0.023569671182002278,0.01847712866772787,-0.00031358800624905743,-0.0199287116050049,-0.0017930691712116208,0.03310665975560877,-0.0024489882048605196,0.02415458926292175,-0.004865286097374076,0.02857965273284405,-0.008456460788770909,0.011558328865238063,-0.010319193420678776,0.011847985421013818,-0.0096758358977797,0.03320062380995443,-0.022225820480574855,-0.03885205282247979,seg2_senti
-0.034365216663872974,-0.02086580583139352,1.0,0.6717976444316672,0.04693326206022546,0.06105801971241644,-0.005227760004427266,0.013837812931865333,0.07389924417533793,0.07640445141280275,-0.015370348310532725,0.010067092719162276,0.027313093310773216,0.04906429738294455,0.03853779710029639,-0.00822162121735164,-0.049182871633768624,-0.018595137719892355,0.009803975574473826,0.00660342419753256,-0.019780114237690258,-0.010313020186477945,-0.01140506191705807,-0.0027562251915759436,0.015481747400001026,0.0033670194689645557,0.012133426851058792,-0.007926236172848282,-0.0422179097901223,0.011961781149088819,0.011547740094854993,-0.008825984330562938,-0.025856177584905084,-0.0537742717048905,0.009997041120195399,0.056384174424178146,-0.2300222893243891,-0.19076416240423794,0.2238735508841758,0.1928012148104674,-0.01576543449642383,-0.012221564652153056,-0.000649301264834421,0.00030792090877122016,-0.0053985449391978635,-0.04865760510939168,-0.000366006630415324,-0.010716162753139455,0.03346823850952234,0.057638963734261785,0.11695484071368051,-0.008788303082325317,0.03904721866150102,0.06341790980391662,0.04275764084141802,0.0713033318041476,0.0546227147863436,0.07107460368268223,-0.023958731611141967,-0.013608510395123851,-0.09142675057710016,0.005356476155223385,0.08758986696912371,0.008280838181117004,0.052296094262365506,0.046029953089589126,0.1120676404043831,-0.0007370304898495303,0.13565508473755442,0.001983759441126963,0.11707989249705734,0.07349085857890196,0.09954488081196584,0.10133690329785204,0.33068382213410813,cosine_miniLM
-0.04155398615726854,-0.04193362724514747,0.6717976444316672,1.0,0.012055676503492194,0.007434732266221271,0.014093601111810246,0.017661243281845894,0.04759291476714778,0.0437350880735119,-0.009458180452535042,0.008903832524242466,-0.0034364610633074023,0.004363662345082744,0.0020198460403226064,-0.03003289143433378,-0.03167768986412942,-0.015185053235715257,-0.022767674002709303,-0.030854025322273805,-0.026887580354154644,-0.04135728926281398,0.016091941928844937,0.07686566036637958,0.010084803803710012,-0.03712249828403983,0.061034429737425164,0.02724691943545686,-0.01917122453577843,0.02044016238058734,0.007438647601461136,-0.0396555188857594,-0.025626549510775858,-0.062279353491894986,0.029945755401569796,0.1177815211122562,-0.11490155519746523,-0.10118204908599869,0.11152904809098535,0.11433961795138586,-0.02559090085992157,-0.04662387799901488,0.0063983090612251894,-0.003833397551402807,-0.009047612852960069,-0.03843778171696077,-0.024155980623763628,-0.015745477910072,0.001984154669881458,0.013438196824492179,0.021687253881671496,-0.036370572728937914,0.004415785458211779,0.020756067703070404,0.006240826001659879,0.019771166009633138,0.001027024956126577,0.0034950137067017327,-0.025940176609614365,-0.03496754075194531,-0.021624452106514203,0.03033918032698841,0.018619947622442654,-0.024857759964603973,0.017972713192194525,0.010956931842062765,0.010103401100795077,-0.03346952924749821,0.04068448055927927,-0.02831385928843664,0.03230865552701037,0.009068419442862947,0.028040852862523998,0.030843223249833115,0.40665849179998714,jaccard_sim
-0.009884333229675213,0.016013302507233394,0.04693326206022546,0.012055676503492194,1.0,0.11353781369720356,-0.37716740463968357,-0.02756945312323563,0.6084228556163518,0.0917519596938847,0.70049630020912,0.11305774949490084,0.7551711690655104,0.11927112394578225,-0.07449478894459322,-0.017479212745687617,-0.04485273963937964,0.024966849535734328,0.11517097521468435,0.02722417429847071,-0.013323552366572816,-0.004339583368048322,-0.10824553601563791,-0.02190073321861485,0.2757011867813597,0.02171094292223208,0.10639948120131817,0.011574888992017083,-0.024596988797009927,-0.015514260903682216,0.05648073204854528,0.026539148763775056,0.03269108140536541,0.004635837732406771,0.04513253184074431,-0.018799527487778186,-0.07758188890836126,0.028968974992050825,-0.1910609124718023,-0.08619721644056662,0.3564597334358607,0.06013526876818626,0.21454757556640897,0.011620168367662859,0.08109546811267729,-0.0001309426007129607,-0.1381831537255908,-0.016008455863863357,0.7313029733371819,0.11694394856928858,-0.13739439279595883,-0.01340050911054081,0.7352606983944175,0.12094007780630753,0.742075950196439,0.11582954748638576,0.7264932186380291,0.12030910491606855,-0.055900197774664685,-0.013404034698780463,-0.22252118898679052,-0.014532387525000724,0.5005360655482158,0.03986713815942014,0.43991005980065756,0.09165544020214536,0.46234675082892596,0.011343462959998333,0.3140833719445641,0.0006115730694900009,0.22797994429195417,0.05501217116099357,0.5274012593151288,0.09701700906329414,0.30570411228132455,seg1_dependency_distance_mean
0.01942628864941448,-0.03650300303821419,0.06105801971241644,0.007434732266221271,0.11353781369720356,1.0,-3.405634135569124e-05,-0.3786406389309347,0.09973329364891023,0.5798160267475211,0.10881343435411324,0.6764995219827584,0.11759847756377385,0.7430805527717846,-0.02169568113981718,-0.10645138271230396,0.0010646491497196039,-0.042408722965873606,0.0554087809540603,0.06932294860701141,0.0012671568854650858,0.028053549745840116,-0.039502785686945534,-0.11781345260396131,0.05310399805942978,0.24730174589327572,0.02551833886869538,0.07039965930804974,-0.021852471766601645,0.042377307129187476,0.03719378027282016,-0.04713690058427186,-0.04540108789754108,0.05109089949321428,-0.011616546785983351,0.016603723584482446,-0.01598038637146821,-0.03108904898086661,-0.039090163835266055,-0.1860451041964933,0.039401180085263734,0.41489538131421827,0.02749730748324452,0.18722402690431406,0.004723118165993216,0.06375238852260724,-0.02548243068499845,-0.1030902171292645,0.11728447440119522,0.7166034848211401,0.005390302775215724,-0.141658877757008,0.11667736637080368,0.7227718577623324,0.12036454105810446,0.7207204338708609,0.1211314823406539,0.6947954073417314,0.0023681785978056733,-0.0016133530273688649,-0.08211152042321446,0.018879594671433814,0.11531854390600951,0.1363835741335506,0.1022017562201368,0.36518392639209557,0.10116925643652723,0.018984716860714443,0.08257870487586544,-0.045021487091099384,0.06168884580088633,0.18622933330582586,0.09769947132347438,0.4655014472612614,0.3546439850498392,seg2_dependency_distance_mean
0.015876915615212706,-0.019864023699193014,-0.005227760004427266,0.014093601111810246,-0.37716740463968357,-3.405634135569124e-05,1.0,0.07785272373571794,-0.09204420670359756,-0.008313822422197574,-0.10777676008713648,0.004055788218639832,-0.11462810552585921,0.010084555119133648,-0.03892455824016523,0.006655701591708797,0.06068867085544149,-0.010854815838102213,0.3053257243006334,0.05283128976017932,-0.08920751648569718,-0.007544058397887313,-0.10668705801924805,-0.030847235519952828,-0.0351860746633599,0.01617463435657602,-0.0028112198533027603,0.002305840873186706,-0.002057786123648806,-0.0008208914810425566,0.11709948102749519,0.016372071594429046,0.010046025806595693,0.005821862354674039,-0.15517171809291883,0.014667492379601672,0.08653002775403326,-0.02477245076610244,0.0449744640228635,0.011783954204359797,-0.16518429590401998,-0.003364324713347191,-0.09976601221002228,-0.0030888426641807387,-0.064102474158831,0.011105251107598534,-0.1361979703359943,-0.025507844915195983,-0.08945701918618243,0.012136720435364184,-0.003925934960103813,0.013297809551087933,-0.08448471091741151,0.007127579175976347,-0.09164020809286991,0.012782624883799104,-0.09829330349546997,0.013036606773243788,-0.06496848917625718,0.015219079976448427,0.031399999677130766,-0.018747336740521862,-0.06213986262266157,0.019649999795704472,-0.035381366170488524,0.012045865444306884,-0.052923907110335955,0.02009396503907821,0.03149125084600681,0.024279967722657034,-0.004825555206122149,0.027853975016833777,-0.03292847070686803,0.017985280876502918,-0.027622412956077556,seg1_prop_adjacent_dependency_relation_mean
0.003525104649713044,0.03428947428924392,0.013837812931865333,0.017661243281845894,-0.02756945312323563,-0.3786406389309347,0.07785272373571794,1.0,-0.012157465652994078,-0.08725993512659164,-0.012668447882162925,-0.11326589600735121,-0.010949915360085173,-0.11909770448081165,-0.008934778484571084,-0.14815991493529712,-0.0022835419666761402,0.006824149034513475,0.0068354591551978445,0.33692521413765925,-0.034926204690609086,-0.0501477702551123,-0.007352772700436775,-0.1250509411434923,-0.0175216764773058,-0.059628305026916704,-0.011852177715933146,-0.023653314772667938,-0.010579016833517071,-0.06311211379305522,0.009553240741258694,0.07839206923475928,-0.0027499904010830495,0.02792905843239632,0.023194110871444122,-0.11787283162634982,0.03781440103799204,0.028757307411027232,0.007608227957776125,0.05382727711132682,-0.015551110304383598,-0.1621971865330263,-0.04316184287591046,-0.10232376784626462,0.019981033557744204,-0.027595097906201637,-0.001975804447999824,-0.04585881252726076,-0.007896981104038607,-0.09360480221045409,-0.007754995028025645,-0.14104863811768475,-0.006585569391396393,-0.08499495128719815,-0.006751903757615232,-0.09261943999853113,-0.010778112684242532,-0.11339575244272493,-0.019708302420600295,-0.03599245822282806,0.0043007585451637,0.13325906882174512,-0.006172805343024888,-0.1466834465009341,-0.014361372675661713,-0.07316821583399782,-0.016049390733205205,-0.16010603999946965,-0.0010760286665798017,-0.14123675558913193,0.007236754029913204,-0.027688002289935384,0.009645978146335273,-0.023061557765994112,0.004066190892260672,seg2_prop_adjacent_dependency_relation_mean
-0.003138747912340269,-0.009151360142361294,0.07389924417533793,0.04759291476714778,0.6084228556163518,0.09973329364891023,-0.09204420670359756,-0.012157465652994078,1.0,0.1041390509977966,0.632650233087867,0.11728064385964829,0.6570597294091481,0.11951117872680628,-0.08052119917780606,-0.029499416287245155,-0.03564776451948324,-0.001011916984335745,0.2652115251093788,0.03589589939110227,-0.052814814123482746,0.002881979300821469,-0.17574565406099651,-0.020253354149991666,0.21907234157475725,0.05056216746855371,0.10656873773437348,0.031482593948612796,-0.040205869882316704,-0.024993279946949706,0.06605607030814442,0.00785189351848675,0.03377815676116845,-0.006434693740326178,0.0035925075025792378,0.005700830633008338,-0.037921498894846556,0.02103991298868181,-0.18681137669914832,-0.08141530429430166,0.1949690820304362,0.04949340017177671,0.19071217375001345,0.015868953852501446,0.0483466435757671,-0.0015377888240510143,-0.09273059859110261,-0.017180263239254163,0.6642300604232491,0.12118699053644233,-0.1410314333708765,-0.026758468679512024,0.6591529590287107,0.11908006477873753,0.7061229080531853,0.12328854503310237,0.6480535340702794,0.12210188220712746,0.04483636022802669,0.01023493019777892,-0.2037386513268143,0.0021830828324499105,0.45204867239134305,0.02331710283532046,0.3897320771811183,0.06798190134138259,0.40554285174356564,-0.001335560217641743,0.27023943665293954,-0.010664616730147413,0.20884944017677423,0.05840046912467173,0.466218928341147,0.10899487100333385,0.2928192759388468,seg1_passed_quality_check
0.004390044467249064,-0.03690832527399079,0.07640445141280275,0.0437350880735119,0.0917519596938847,0.5798160267475211,-0.008313822422197574,-0.08725993512659164,0.1041390509977966,1.0,0.09922955185777421,0.6183151478526383,0.10077460949183202,0.6386803603324316,-0.01808634796764008,-0.07065553233736059,-0.003150355859769316,-0.05177033565541485,0.04428060285884497,0.24582697153457683,-0.011106123747256091,-0.03680027822625207,-0.030677610578299232,-0.18268881530643066,0.03030870460013326,0.19629121235774005,0.03167491017932305,0.10616784754030807,-0.008363510164067316,-0.015337253976349252,0.033541401422541965,0.005998034263186695,-0.027596401274491963,0.017674562540170743,0.0017296800955452535,-0.001708845991418027,-0.006123951796041064,-0.013734584808841122,-0.0434374834728927,-0.17173755483103853,0.030764007463309134,0.17575575510744812,0.01496355672831702,0.1548173482995074,-0.006926280576386085,0.010578388901715956,-0.015100397482261461,-0.05436870907792293,0.10273845865675385,0.655504158680092,0.01617130917457264,-0.08083561400581356,0.09978231261576229,0.6532295134904791,0.10782282817237242,0.699658971415327,0.10265853094489029,0.6368766131591372,0.00468070623804218,0.045483359491081905,-0.06626286575614833,-0.03282514594164378,0.09568647256915157,0.1713561843877985,0.06916771926197299,0.352623481344357,0.08142687363974632,0.06989449876746062,0.07486916476401086,0.0189977024626478,0.05763469993176371,0.19343902323414927,0.08971145596254267,0.4517497377567214,0.336431118377773,seg2_passed_quality_check
0.03554617532099719,0.03200312375057321,-0.015370348310532725,-0.009458180452535042,0.70049630020912,0.10881343435411324,-0.10777676008713648,-0.012668447882162925,0.632650233087867,0.09922955185777421,1.0,0.14552174517098942,0.9360770017123603,0.13816068734429038,-0.07819438941955284,-0.03276797283685939,-0.09584093413837493,-0.001088955203873331,0.25266599053372585,0.05261559529483884,-0.03894626300826447,-0.027740016649985752,-0.0918284988855054,-0.027674831148089524,0.23590713038295896,0.02118050255944598,0.1501574296113995,0.03602260654609409,-0.025747695793118332,-0.004758086101670259,0.006386340611341917,0.03003998777749249,0.013750806186653482,-0.001153449865631818,0.05012215469274418,0.01203847485077375,0.12061771078405557,0.04762023182391644,-0.30360464582418023,-0.10603731108568765,0.17155442677708563,0.049031454236432556,0.19561081372994407,0.015113214534846407,0.0267151723671706,-0.004173978891252459,-0.11506239545119344,-0.02081558390386532,0.9377141020912124,0.1375820735688477,-0.26350006994072117,-0.024517149843521043,0.9276418809571972,0.13822364550047975,0.9200824968453,0.13496530827007702,0.8788773372189951,0.1368054224047053,0.03276181014356818,-0.007756275619352008,-0.18095693349371791,-0.0100644865565198,0.5550886690887097,0.03924333669805169,0.4880845028263848,0.09491462526138332,0.48630930665180083,0.007805614484698211,0.15294081994336703,-0.005338133616832979,0.2290363584417144,0.05923919671584385,0.576461703310163,0.10759461109512596,0.3331182080075116,seg1_n_stop_words
0.02213337462634754,-0.02674077021038124,0.010067092719162276,0.008903832524242466,0.11305774949490084,0.6764995219827584,0.004055788218639832,-0.11326589600735121,0.11728064385964829,0.6183151478526383,0.14552174517098942,1.0,0.13627760873143271,0.9251156519287258,-0.031541085419510485,-0.08950952793781719,0.0011301909332163778,-0.10112619377918708,0.04680257061996835,0.21409821977122845,-0.012137406738527893,-0.026624192822769358,-0.043387223874785684,-0.08390270820284618,0.05721291303154944,0.2239884043030089,0.042900758547634144,0.11836946928500287,-0.037623356088888435,0.007856054676368972,0.0334491055903625,-0.08043959223539274,-0.04754124451197725,-0.012840708272489192,0.013377280883171368,0.049078254196163316,0.03178357699629765,0.16552970323346763,-0.0898220797882714,-0.284719727223889,0.0381156618709409,0.1763329292905048,0.016868658860332213,0.20522799967361077,-0.01432762191903783,-0.022995888240092244,-0.0071153662825062785,-0.07030545158667911,0.136128497046699,0.9306087347553695,-0.036672056633127295,-0.132787016747799,0.13350917144402136,0.9142964694894915,0.13751185052773565,0.9087366893814497,0.12820951371923056,0.8598815652226334,0.0006834514348690278,0.07472737045909493,-0.06749635111541917,-0.014828699188261971,0.11175503828402943,0.20996449140757,0.09787026677114183,0.44633405950320426,0.07874796573864143,0.07654896031875325,0.05635738712027033,-0.03201465381820507,0.03376187970227496,0.19227239760156617,0.08301806026798172,0.5066284513183749,0.3980905698374578,seg2_n_stop_words
0.029057107220880837,0.036587473341565806,0.027313093310773216,-0.0034364610633074023,0.7551711690655104,0.11759847756377385,-0.11462810552585921,-0.010949915360085173,0.6570597294091481,0.10077460949183202,0.9360770017123603,0.13627760873143271,1.0,0.1465796139108494,-0.05364748186093193,-0.0225173328856763,-0.0627435570917652,0.0022011032709429753,0.2535941713273469,0.05424331647798394,-0.05501896128858127,-0.027362620030159813,-0.1945379891513348,-0.044989533983904595,0.269195918678356,0.029087171107014385,0.1256833975413957,0.023132526579921927,-0.02959896738587208,-0.00250067705893589,0.09098900780774077,0.03341563875958345,0.04188908651465514,-0.00020435849326972294,-0.019874205897383104,0.006200932394269363,-0.03225857092586991,0.019596169768259574,-0.20315118547965896,-0.08011023935481457,0.2981476518151976,0.06694592800380693,0.15343768369681174,0.021107557790440438,0.07370478945761733,-0.0028469913734944507,-0.11593817085382631,-0.020547606365100387,0.991994352561202,0.1444207486244376,-0.13136695173980262,-0.013793662453985686,0.9746962579151965,0.14366806085177525,0.9751622066252225,0.14205073787547565,0.9719884963914182,0.1479254468684522,0.07674282345993949,0.00928709861194468,-0.29171324079130173,-0.018166277575568993,0.661437603788607,0.04821681047543365,0.5623327447838731,0.10252793071359045,0.6246906266678729,0.01669080844976074,0.27490370924278257,0.0031421609717977475,0.34803701853462415,0.07412134143338776,0.7078051658358203,0.11937851192349624,0.2834969471926077,seg1_doc_length
0.03275461840118623,-0.02689989104977413,0.04906429738294455,0.004363662345082744,0.11927112394578225,0.7430805527717846,0.010084555119133648,-0.11909770448081165,0.11951117872680628,0.6386803603324316,0.13816068734429038,0.9251156519287258,0.1465796139108494,1.0,-0.018930218680789732,-0.0726686477047736,0.0034054089200244242,-0.06529036890142134,0.05519781232968961,0.2061245450822881,-0.014109515384864447,-0.050834082559898505,-0.05049683163257474,-0.19439213069308098,0.05671410104002197,0.2475628040562527,0.032830581776002885,0.0807008850664691,-0.022555335348581104,0.010100248275955907,0.04902363484731,0.001066418544426917,-0.03456418669862195,0.04001000297880685,-0.005549640994879766,-0.01725323214778568,-0.0029766600934400846,0.007836431777468974,-0.058927156293844436,-0.19026996935661683,0.04228810484674342,0.33108489539894637,0.006458132085790352,0.15213232707250737,-0.00610239790037315,0.025921357956989532,-0.012476119509529428,-0.07125542635156369,0.14772314278395227,0.9900498939956939,-0.0006006802634191299,-0.09724499593624888,0.14357888083595452,0.9566572943054947,0.14886325522828603,0.9664572979779297,0.14693709424794282,0.96246857906565,0.011039564774319338,0.1739296785867818,-0.08274910800996982,-0.057850645810473264,0.12797199136745396,0.26059268830890014,0.1059612198207136,0.5256310275142897,0.1078876634609493,0.11591735587863448,0.08180719475622239,0.002663050688325456,0.05875349760853062,0.3171989988792697,0.11037958824990395,0.6422905088213369,0.33175508252534136,seg2_doc_length
0.05853258516487076,0.059651555020024546,0.03853779710029639,0.0020198460403226064,-0.07449478894459322,-0.02169568113981718,-0.03892455824016523,-0.008934778484571084,-0.08052119917780606,-0.01808634796764008,-0.07819438941955284,-0.031541085419510485,-0.05364748186093193,-0.018930218680789732,1.0,0.14892698587273331,-0.02778916749908113,0.014427286225222349,-0.008442487128595957,0.010262592019677665,0.14797142283352913,-0.022324558469381348,-0.03685483418545296,-0.051406780615377214,0.0087197683695464,-0.036652581600849145,-0.04231554718628514,-0.007309676465524384,-0.007626577576628627,-0.0040107992459048536,0.026445581976421093,0.06427867223126207,0.014952917308572507,0.020500910039423354,-0.0382334151191316,-0.04160845697053828,-0.0832841753367257,-0.040044559958281406,0.05647625619581609,0.04049470469316393,-0.020281024760927573,0.031312550095372454,-0.006939847304472949,0.0014669886306796645,0.04645217233946135,0.041228575981551156,-0.01876290528982824,-0.03375710816043765,-0.05588287050590844,-0.019006145420775583,0.09071504829890986,0.06477079165362622,-0.05507295533171329,-0.020627452077000386,-0.0583673439775893,-0.018202792008456096,-0.03532453299315439,-0.01000410230472838,-0.00871891169761606,-0.0011073369809773772,0.0011066723832409264,-0.036329518008059385,-0.02555058754700287,0.030601035301884235,-0.004884852772641466,-0.005621209700370131,0.039966721740792376,0.05352978293944911,0.01905107817831619,0.053819811113888935,0.0010306299869333206,-0.010586447819853885,-0.017532589018046753,-0.014986946500628045,-0.10921015829505108,seg1_oov_ratio
0.0249029273393259,0.022445181199392397,-0.00822162121735164,-0.03003289143433378,-0.017479212745687617,-0.10645138271230396,0.006655701591708797,-0.14815991493529712,-0.029499416287245155,-0.07065553233736059,-0.03276797283685939,-0.08950952793781719,-0.0225173328856763,-0.0726686477047736,0.14892698587273331,1.0,0.016734386708129097,-0.03677794835235207,0.0040969319388626515,-0.04235841807769393,0.038180564450025836,-0.0049698016593190866,-0.018052959722791317,-0.040976631164112015,-0.005103960618082722,-0.03039773807265711,-0.025692224237190624,-0.056089810843203566,0.005954265583121704,-0.006806622437225884,0.0027753724109278975,0.10633501780127214,0.12182158233361348,-0.0035137154401091654,-0.00753034892868888,-0.04860129563780558,-0.025539845881669226,-0.08091604771308898,0.004601745241998287,0.07088714660835481,0.002302223744196007,0.007020443686993921,-0.003870274496753058,-0.012152778591028583,0.01681066172469817,0.004345452373616123,-0.03135902902318191,-0.06107074436326513,-0.023724601088522635,-0.07418679559620699,0.005287671814739748,0.6992700653654155,-0.02441376696600707,-0.07909113900603891,-0.023153696961639283,-0.07963779756396697,-0.01720610987111964,0.01917905765504052,-0.002029460524022329,0.027041076017852942,0.01850745285205202,-0.6259972684180347,-0.02517406568767666,0.5865108850306952,-0.010753540097252833,0.21097874544378475,-0.0003536403977527465,0.6938470302725191,0.017772569940021028,0.6994922719525454,-0.023050849081095053,0.1449035708146943,-0.01602188172907976,-0.03250555357698367,-0.2606731963710388,seg2_oov_ratio
0.034559802633824986,-0.027598741666160987,-0.049182871633768624,-0.03167768986412942,-0.04485273963937964,0.0010646491497196039,0.06068867085544149,-0.0022835419666761402,-0.03564776451948324,-0.003150355859769316,-0.09584093413837493,0.0011301909332163778,-0.0627435570917652,0.0034054089200244242,-0.02778916749908113,0.016734386708129097,1.0,0.09119826478907228,-0.15134309979504137,-0.0072505126153532854,0.008421729693003267,0.016238440006127244,0.10399235522346545,0.000783468740865985,-0.026935667748240206,-0.009921700797448049,-0.04844793205149881,0.015443846588493505,-0.020641355770103238,-0.00344500143793744,0.012287861990751329,0.02426534426284547,-0.04476850021180411,0.005424374187040908,-0.126033427413754,-0.014115895092150884,-0.05253281962770061,-0.03047148454613989,-0.23116126147631172,-0.05670275999407452,-0.0228284931956963,0.020912240930401664,-0.06879498482533027,0.01210973094748694,-0.04612823724954101,-0.01103331600415498,-0.3463049302096775,-0.03562253668270828,-0.06013699768132679,0.001130695090215689,0.08301874794010801,0.014116178907817179,-0.05771254467213322,0.003258081935390098,-0.05942040049153886,0.0015480061966220663,-0.03613519942160841,0.0064254505042402495,-0.024566711918326677,-0.009796175519676473,-0.14433391519179323,-0.019997975471203744,0.08509289173430233,0.019993933176776446,0.1449057160285568,0.04051992767886062,0.06107096077974139,0.014841549709796703,0.075665438790941,0.014170620338885082,0.04494489147982881,0.010299203027437906,0.017409041661645537,0.0048730865614836465,-0.011654133623477687,seg1_pos_prop_ADJ
0.0232834017395258,0.026005317083422307,-0.018595137719892355,-0.015185053235715257,0.024966849535734328,-0.042408722965873606,-0.010854815838102213,0.006824149034513475,-0.001011916984335745,-0.05177033565541485,-0.001088955203873331,-0.10112619377918708,0.0022011032709429753,-0.06529036890142134,0.014427286225222349,-0.03677794835235207,0.09119826478907228,1.0,-0.008012204166241222,-0.15378512654236948,0.038269756203829455,0.02137613507032732,-0.0016284141672522495,0.09510842656195134,0.007561448613519759,-0.012009414269032187,0.006324255847295067,-0.07865485352011706,0.032925173843800726,-0.017941796103750917,0.038238750301951716,-0.008820032576969058,-0.009243419029733725,-0.07413837146253205,-0.020002474926005476,-0.08878132118504514,0.0033414055000664145,-0.11014867836177752,-0.07280356516465834,-0.2106204784368259,-0.0037234100981771876,-0.015311862025559788,-0.015014500947869207,-0.0644375717928087,-0.02550941643118315,-0.05799987112575052,-0.050723122873680714,-0.3067882988912963,0.0031333191120774223,-0.06349804169683433,0.02724277435674231,0.0026346494416600356,0.004005528148894106,-0.059321264088435285,0.0038904427356776295,-0.06115856781015787,0.007354976287898475,-0.041478807470951264,0.011110911315094087,-0.013512542262569288,-0.045112459770798606,-0.025877251001105578,0.036453409335262636,0.0122635153336417,0.03759749723595179,0.11128592371524351,0.020663684216126185,-0.012236102837818109,0.02382204895423926,-0.011216666058351185,0.02630052895114014,0.03594446134599921,0.01985976763824357,0.013864176664889656,0.0022370428217278597,seg2_pos_prop_ADJ
-0.01361467218892517,0.023929596653538762,0.009803975574473826,-0.022767674002709303,0.11517097521468435,0.0554087809540603,0.3053257243006334,0.0068354591551978445,0.2652115251093788,0.04428060285884497,0.25266599053372585,0.04680257061996835,0.2535941713273469,0.05519781232968961,-0.008442487128595957,0.0040969319388626515,-0.15134309979504137,-0.008012204166241222,1.0,0.0828757004213772,-0.1482102625632801,-0.012692209045637181,-0.25556537169754306,-0.026977608821950542,0.005625426754841311,0.0458802528733199,0.06764083591580024,0.007374394200354494,-0.06724858760301632,-0.01276983209283214,0.14388451233720362,0.030640418973858632,0.03326023129402215,0.009120767389435335,-0.18748454721332816,-0.01780301902546302,-0.1012787700707077,-0.01194179238548125,-0.035183458779090605,-0.02375386631431924,-0.009585368876392388,0.006755902010116226,-0.10643474239417432,-0.003311449345486049,0.0007161484578040909,-0.010465882297541107,-0.1646883984217727,-0.038726058081062165,0.27184747942221904,0.057232516244068096,-0.10095705840903024,0.01544720460366468,0.27414306068462707,0.05610278103731832,0.2884439360946354,0.05510922021739314,0.2537944557063697,0.06003724879941224,-0.033670645875306444,0.0049750581999752795,-0.035067419481853476,-0.029061812589204743,0.14981368228111538,0.040065441815226796,0.12928858647035257,0.04693102478449916,0.14053437906719107,0.02802321192496894,0.11719038531015154,0.025806118443959344,0.07498315152038722,0.027399483722884938,0.20054967997296672,0.04288320029337581,0.10912931351383537,seg1_pos_prop_ADP
0.006791493554836703,0.03846199447994033,0.00660342419753256,-0.030854025322273805,0.02722417429847071,0.06932294860701141,0.05283128976017932,0.33692521413765925,0.03589589939110227,0.24582697153457683,0.05261559529483884,0.21409821977122845,0.05424331647798394,0.2061245450822881,0.010262592019677665,-0.04235841807769393,-0.0072505126153532854,-0.15378512654236948,0.0828757004213772,1.0,-0.0356259981493138,-0.15244950794936238,-0.051419151249520324,-0.29559150081473146,0.013941179567518015,-0.01142775046617547,0.022071819179493347,0.06922587074894514,-0.004015877441066599,-0.04477021727660121,0.009685782948550553,0.09682795000008969,-0.010834954085175503,0.06270910230400074,0.01594879783798915,-0.19836323949702866,0.020184369239124006,-0.09251882590881562,-0.023692139487609495,-0.024409815045694894,0.018302190380057537,-0.0481192987355659,-0.007523175456940618,-0.09194267620875302,-0.006067525677113876,0.009836100905759398,-0.018695122494308502,-0.15350913431347976,0.057193986327924794,0.23419744054293795,-0.03038413342726229,-0.06927630285717253,0.057421848846646924,0.2389950079355215,0.054762998858421084,0.2492653555343869,0.053970951045362994,0.20680771744632148,-0.008209464086243564,-0.01533966845572062,-0.010112922066669952,0.021942097552071563,0.03349815548422695,0.029965650180357826,0.02652887538180432,0.08767437804627147,0.029196792603170058,-0.009082560302844536,0.02310290507987528,-0.02124596612209252,0.017549534457852414,0.05147420948979516,0.045633403026234046,0.16350429991346507,0.08659499852143293,seg2_pos_prop_ADP
0.03198816419096424,0.013990855445043582,-0.019780114237690258,-0.026887580354154644,-0.013323552366572816,0.0012671568854650858,-0.08920751648569718,-0.034926204690609086,-0.052814814123482746,-0.011106123747256091,-0.03894626300826447,-0.012137406738527893,-0.05501896128858127,-0.014109515384864447,0.14797142283352913,0.038180564450025836,0.008421729693003267,0.038269756203829455,-0.1482102625632801,-0.0356259981493138,1.0,0.045708706353525586,-0.03602183533635768,0.010306786754062233,-0.05102986095307347,-0.01854021543190162,-0.16366819284228665,-0.027804613702266733,0.036079525000375874,0.0044258411815734896,-0.23178523404454632,0.0049614761713845466,-0.036282941222884335,-0.012658271479261619,-0.06524772817612932,-0.0065592408721792,-0.07536511596686443,-0.004674309022732502,-0.025125415392830718,0.001301949239170286,-0.016480876469966262,0.012869369188603486,-0.003208101852266748,0.04923463102564797,-0.00845715382309247,-0.012626755774999731,-0.11847794957828384,-0.04751060228247928,-0.05494293965231858,-0.013662395948574466,0.050143232838665674,0.011505919044773348,-0.05429106156859205,-0.01628874681599383,-0.05117288541297371,-0.01075678962245992,-0.04724332190737095,-0.00980813170361751,-0.017814675245854308,0.00845301454088559,0.024695610435974933,0.00332329262361129,-0.04328848687622491,-0.00666059571763554,-0.005527239024606508,0.007563383318805569,0.017070423240684588,0.007749626247428954,0.029963061110161456,0.004197438734422848,-0.0252570329728208,-0.008885521050537037,-0.051654643959095664,-0.020916481492163113,-0.006367907097682877,seg1_pos_prop_ADV
-0.012193884251535565,-0.018056243412132418,-0.010313020186477945,-0.04135728926281398,-0.004339583368048322,0.028053549745840116,-0.007544058397887313,-0.0501477702551123,0.002881979300821469,-0.03680027822625207,-0.027740016649985752,-0.026624192822769358,-0.027362620030159813,-0.050834082559898505,-0.022324558469381348,-0.0049698016593190866,0.016238440006127244,0.02137613507032732,-0.012692209045637181,-0.15244950794936238,0.045708706353525586,1.0,0.02501021030808658,0.015876693547030245,-0.02857567086222396,-0.02235572323825944,-0.015616145662922203,-0.15647841594167847,-0.01130910214330348,0.003368926276841025,-0.016609281401902494,-0.2173296107587951,-0.00841882828980115,-0.05344595857456651,-0.023568345196609965,-0.08050300476976405,-0.01745927765591838,-0.06866212179326277,0.023240628976599564,-0.03460950029351677,-0.011383834446290248,0.0003299967487206651,0.03085423851410105,-0.01715875761592494,0.012116900676316978,-0.0337624847065412,-0.025097347529710705,-0.11331054920309173,-0.030172327010844414,-0.05258336934204928,-0.026595678037063655,0.003306086970781972,-0.02728543158528282,-0.049645619329957535,-0.02825177232838974,-0.04620413086755881,-0.028376828663614857,-0.03244846809541949,-0.012281802609750295,-0.02529437980281982,0.024842269206516075,0.008966458423910405,-0.031357117395862034,-0.01925995558050796,-0.0285628643745944,0.02574955628605573,-0.03334431420035098,-0.0035951592738521,-0.018900444606074616,0.005870415138424982,-0.03718368700596644,-0.017010525135119525,-0.026770072874816333,-0.02813789853160173,0.05514370725416121,seg2_pos_prop_ADV
-0.04288547022593554,-0.03530532029453899,-0.01140506191705807,0.016091941928844937,-0.10824553601563791,-0.039502785686945534,-0.10668705801924805,-0.007352772700436775,-0.17574565406099651,-0.030677610578299232,-0.0918284988855054,-0.043387223874785684,-0.1945379891513348,-0.05049683163257474,-0.03685483418545296,-0.018052959722791317,0.10399235522346545,-0.0016284141672522495,-0.25556537169754306,-0.051419151249520324,-0.03602183533635768,0.02501021030808658,1.0,0.11183868586648983,-0.1249211707469489,-0.0389555628782646,-0.1555136041349522,-0.0068444421665495615,-0.008178612822516454,-0.0025511656916956216,-0.2514681339661676,-0.01410909383489265,-0.09628525325072092,-0.011473162240093744,0.04420364495426784,-0.00021479903255907217,0.056858271538170274,-0.025371430026678212,-0.012514533738759478,0.02641667261382445,-0.15597116460562638,-0.042044636049989106,-0.003595504779077041,-0.020644269813438858,-0.03436438781799548,-0.0007952329500058301,-0.2589385904737526,-0.005153766055009725,-0.20122481556020816,-0.050309257900450606,-0.03700336349311066,-0.004310807291884307,-0.19714856012961646,-0.04518106297783569,-0.20314088917105802,-0.04592928403806522,-0.2047198738245047,-0.04487041121987824,-0.056358672470147746,-0.025683401670306246,0.022511412553552646,0.0025908739822326824,-0.10569752323967628,-0.01220400546355997,-0.08351233999875206,-0.01508526804239936,-0.15674143290569076,-0.01267139528160404,-0.08677421918997887,-0.007295090494456427,-0.048049769684232475,0.009031050596620316,-0.15960199891730817,-0.018961205090784222,0.008944871003232406,seg1_pos_prop_AUX
-0.047340017928128114,-0.06480057113090744,-0.0027562251915759436,0.07686566036637958,-0.02190073321861485,-0.11781345260396131,-0.030847235519952828,-0.1250509411434923,-0.020253354149991666,-0.18268881530643066,-0.027674831148089524,-0.08390270820284618,-0.044989533983904595,-0.19439213069308098,-0.051406780615377214,-0.040976631164112015,0.000783468740865985,0.09510842656195134,-0.026977608821950542,-0.29559150081473146,0.010306786754062233,0.015876693547030245,0.11183868586648983,1.0,-0.026003390136485147,-0.13549366599462348,-0.023650748423597098,-0.13093695364362837,-0.0036306242281492845,-0.020440880089054328,-0.040180432474954376,-0.22272707807769324,-0.019038297065649457,-0.07759976664078215,0.029618870271246548,0.06337501232607334,0.005397703391518371,0.07806767713502491,0.0044017694266665535,-0.05169310340475513,-0.0005492126546800884,-0.1625095535111484,0.023214919013267773,-0.023962896561005222,-0.02214138008585468,-0.048683844160335096,-0.058314364294665674,-0.2377325351079325,-0.0471002496488451,-0.20160594201143361,-0.020463349555828608,-0.06362631685759342,-0.04622939249469244,-0.19388885690467528,-0.04522542722779992,-0.2046737403602619,-0.05408512686442149,-0.21952139055171702,0.020540720492883427,-0.05298217996706356,0.021836444890969985,0.07031189767793185,-0.03748046662407872,-0.10928541639352679,-0.03669956735020076,-0.1341783981169609,-0.05889001473708334,-0.1005472739046028,-0.05780485883957813,-0.08255844507584974,-0.0271684612120439,-0.1399132899343561,-0.051889443710376695,-0.19020759708258056,0.05795171360778787,seg2_pos_prop_AUX
